"Alnusacuminata"	"Anonaceaesp."	"Arbutusxalapensis"	"Buddleiacordata"	"Buddleianitida"	"Calyptranthespallens"	"Clethramacrophylla"	"Clethraoleoides"	"Clethrasuaveolens"	"Cleyeratheaeoides"	"Clusiarosea"	"Cornusdisciflora"	"Cornusexcelsa"	"Cupaniadentata"	"Cupressuslusitanica"	"Cyatheafulva"	"Daphnopsisselerolum"	"Dendropanaxarboreus"	"Deppeagrandiflora"	"Drimysgranadensis"	"Erythrinachiapasana"	"Eugeniacapuli"	"Eugeniacapulioides"	"Eupatoriumligustrinum"	"Eupatoriumnubigenum"	"Garryalaurifolia"	"Holodiscusargenteus"	"Ingasp."	"Juniperusgamboana"	"Lippiasubstrigosa"	"Liquidambarstyraciflua"	"Litseaglaucescens"	"Magnoliasharpii"	"Meliosmadives"	"Miconiaglaberrima"	"Microtropiscontracta"	"Myricacerifera"	"Myrtaceaesp1."	"Nyssasilvatica"	"Ocoteaeffusa"	"Ocoteahelicterifolia"	"Olmediellabetschleriana"	"Oreopanaxxalapensis"	"Ostryavirginiana"	"Parathesisbelizensis"	"Perseaamericana"	"Pinusayacahuite"	"Pinusmontezumae"	"Pinusoocarpa"	"Pinuspseudostrobus"	"Pinustecunumani"	"Prunuslundelliana"	"Prunusrhamnoides"	"Prunusserotina"	"Quercusacatenangensis"	"Quercuscandicans"	"Quercuscrassifolia"	"Quercuscrispipilis"	"Quercuslaurina"	"Quercuspeduncularis"	"Quercuspolymorpha"	"Quercusrugosa"	"Quercussapotaefolia"	"Quercussegoviensis"	"Quercusskutchii"	"Rapaneajuergensenii"	"Rapaneamyricoides"	"Rhamnussharpii"	"Rondeletiastenosiphon"	"Saurauialatipetala"	"Saurauiascabrida"	"Sebastianiacruenta"	"Solanumnudum"	"Styraxargenteus"	"Symplococarponpurpusii"	"Symplocoslimoncillo"	"Tecomastans"	"Ternstroemialineata"	"Ternstroemiaoocarpa"	"Verbesinaperymenioides"	"Vernonialeiocarpa"	"Vernoniascorpioides"	"Viburnumaff.lautum"	"Viburnumjucundum"	"Weinmanniapinnata"	"Zanthoxylummelanostictum"
"Bazom1"	0	0	0	0	0	0	25	0	0	18	0	0	0	0	0	0	0	0	0	0	0	0	0	0	10	0	0	0	0	0	0	0	15	0	0	5	0	0	0	0	0	2	5	0	0	14	0	0	0	0	0	0	0	0	0	0	0	0	6	0	0	0	0	0	0	9	0	0	0	0	0	0	0	4	0	0	0	2	0	0	0	0	0	0	0	5
"Bazom2"	0	0	8	0	0	0	0	0	0	0	0	0	0	0	0	0	0	0	0	0	0	0	0	0	0	0	0	0	0	0	0	0	0	0	0	0	0	0	0	0	0	0	0	0	0	0	0	19	0	37	13	0	0	0	0	0	0	0	0	0	0	0	0	0	0	0	0	0	0	0	0	0	0	0	0	0	0	0	0	0	0	0	0	0	0	0
"Bazom3"	0	0	0	0	0	0	0	0	0	8	0	0	0	0	0	0	0	0	0	0	0	0	0	0	0	0	0	0	0	0	0	0	0	0	0	2	0	0	0	0	0	2	0	0	0	2	0	0	0	5	5	0	2	1	71	0	2	0	19	0	0	0	0	0	0	0	0	4	0	0	0	0	0	0	0	0	0	0	0	0	0	0	0	0	0	0
"Bazom4"	0	0	1	0	0	0	0	0	0	0	0	0	0	0	0	0	0	0	0	0	0	0	0	0	0	0	0	0	0	0	0	0	0	0	0	0	0	0	0	0	0	0	0	0	0	0	0	12	0	1	30	0	0	0	0	0	0	0	10	0	0	0	0	0	0	0	0	0	0	0	0	0	0	0	0	0	0	0	0	0	0	0	0	0	0	0
"Bazom5"	3	0	0	0	0	0	0	0	0	3	0	15	0	0	0	0	0	0	0	0	0	0	0	0	0	0	0	0	0	0	0	0	0	0	0	0	0	0	0	0	0	0	0	0	0	2	0	0	0	0	32	0	0	1	0	0	9	0	30	0	0	0	0	0	0	26	0	0	0	0	0	0	0	1	0	0	0	10	0	2	0	0	0	0	0	0
"Bazom6"	0	0	0	0	0	0	0	0	0	19	0	9	0	0	0	0	0	0	0	0	0	0	0	0	4	0	0	0	0	0	0	0	10	0	0	0	0	0	0	0	0	0	2	0	0	26	0	0	0	0	0	0	0	2	0	0	3	0	13	0	0	0	0	0	0	48	0	2	0	0	0	0	0	0	0	0	0	25	0	6	0	0	0	0	0	2
"Bazom7"	0	0	0	0	0	0	11	0	0	7	0	6	0	0	0	0	0	0	0	0	0	0	0	0	16	0	0	0	0	0	0	0	8	0	0	0	0	0	0	0	0	1	2	0	0	15	0	0	0	0	0	0	5	0	0	0	0	0	7	0	0	0	0	0	0	11	0	0	0	0	0	0	0	3	0	0	0	8	0	0	0	0	0	0	0	0
"Bazom8"	0	0	0	0	0	0	0	0	0	0	0	0	2	0	0	0	0	0	0	0	0	0	0	0	0	0	0	0	0	0	0	0	1	0	0	0	0	0	0	0	0	0	0	0	0	0	0	29	0	0	14	0	2	1	40	0	1	0	14	0	0	0	0	0	0	0	0	0	0	0	0	0	0	0	0	1	0	4	0	0	0	0	0	0	0	0
"Bazom9"	0	0	0	0	0	0	0	0	0	2	0	12	0	0	0	0	0	0	0	0	0	0	0	0	0	0	0	0	0	0	0	0	4	0	0	0	4	0	0	0	0	0	0	0	0	4	0	1	0	0	5	0	0	0	0	0	14	2	10	0	0	3	0	0	0	66	0	8	0	0	0	0	0	0	0	0	0	0	0	9	0	0	0	0	0	0
"Bazom10"	0	0	0	0	0	0	0	0	0	2	0	5	0	0	0	0	0	0	0	0	0	0	0	0	0	0	0	0	0	0	0	0	12	0	0	0	0	0	0	0	0	0	2	0	0	2	0	0	0	1	1	0	4	3	0	0	6	0	22	0	0	1	0	0	0	30	0	11	0	0	0	0	0	0	0	0	0	13	0	4	0	0	0	0	0	0
"Bazom11"	0	0	0	0	0	0	0	0	0	7	0	0	0	0	0	0	0	0	0	0	0	0	0	0	0	0	0	0	0	0	0	0	0	0	0	0	0	0	0	0	0	0	0	0	0	0	0	0	0	0	1	0	0	1	0	0	1	0	21	0	0	0	0	0	0	54	0	20	0	0	0	0	0	0	0	2	0	14	0	14	0	0	0	0	0	0
"Bazom12"	0	0	0	0	0	0	0	0	0	0	0	1	0	0	0	0	0	0	0	0	0	0	0	0	0	0	0	0	0	0	0	0	0	0	0	0	1	0	0	0	0	0	0	0	0	0	0	0	0	0	26	0	0	1	0	0	12	0	60	0	0	2	0	0	0	40	0	7	0	0	0	0	0	0	0	0	0	8	0	0	0	0	0	0	0	0
"Bazom13"	0	0	0	0	0	0	0	0	0	15	0	14	0	0	0	0	0	0	0	0	0	0	0	0	0	0	0	0	0	0	0	0	13	0	0	0	0	0	0	0	0	0	10	0	0	7	0	0	0	2	4	0	1	1	0	0	3	0	15	0	0	0	0	0	0	39	0	13	0	0	0	0	0	5	0	0	0	4	0	0	0	0	0	0	0	0
"Bazom14"	0	0	0	0	0	0	0	0	0	4	0	18	0	0	0	0	0	0	0	0	0	0	0	0	0	0	0	0	0	0	0	0	5	0	0	0	1	0	0	0	0	0	0	0	0	0	0	0	0	1	17	0	0	2	0	0	5	0	20	0	0	0	0	0	0	33	0	4	0	0	0	0	0	0	0	0	0	4	0	0	0	0	0	0	0	0
"Bazom15"	0	0	0	2	0	0	0	0	0	10	0	13	0	0	0	0	0	0	0	0	0	0	0	0	0	0	0	0	0	0	0	0	15	0	0	0	0	0	0	0	0	0	0	0	0	61	0	0	0	0	1	0	0	0	0	0	2	0	7	0	0	3	0	0	0	23	0	4	0	0	0	0	0	4	0	0	0	0	0	0	0	0	0	2	0	0
"Bazom16"	0	0	0	1	0	0	0	0	0	1	0	2	0	0	0	0	0	0	0	0	0	0	0	0	0	2	0	0	0	0	0	0	2	0	0	0	0	0	0	0	0	0	0	0	0	5	0	8	0	2	3	0	0	3	0	0	8	0	21	0	0	1	0	0	0	37	0	0	0	0	0	0	0	0	0	0	0	26	0	4	0	0	0	1	0	0
"Bazom17"	2	0	0	0	0	0	0	0	0	2	0	0	0	0	0	0	0	0	0	0	0	0	0	0	0	0	0	0	0	0	0	0	0	0	0	0	0	0	0	0	0	0	0	0	0	2	0	4	0	0	21	0	0	2	0	0	30	0	18	0	0	5	0	0	0	31	0	2	0	0	0	0	0	0	0	0	0	0	0	0	0	0	0	7	0	0
"Bazom18"	0	0	0	0	0	0	2	0	0	7	0	0	0	0	0	0	0	0	0	0	0	0	0	0	0	0	0	0	0	0	0	0	0	0	0	0	0	0	0	0	0	0	2	0	0	3	0	0	0	4	1	0	0	4	0	0	1	0	18	0	0	1	0	0	0	36	0	23	0	0	0	0	0	0	0	4	0	19	0	4	0	0	0	2	0	0
"Bazom19"	0	0	0	0	0	0	0	0	0	0	0	0	0	0	0	0	0	0	0	0	0	0	0	0	2	0	0	0	0	0	0	0	0	0	0	0	0	0	0	0	0	0	4	0	0	0	0	0	0	4	2	0	0	7	0	0	1	0	26	0	0	3	0	0	0	54	0	15	0	0	0	0	0	0	0	14	0	18	0	6	0	0	0	2	0	2
"Bazom20"	0	0	0	0	0	0	0	0	0	0	0	0	0	0	0	0	0	0	0	0	0	0	0	0	0	0	0	0	0	0	0	0	0	0	0	0	0	0	0	0	0	0	0	0	0	0	0	35	0	0	15	0	0	4	0	0	3	0	17	0	0	0	0	0	0	0	0	0	0	0	0	0	0	0	0	0	0	0	0	0	0	0	0	0	0	0
"Bazom21"	1	0	0	0	0	0	0	0	0	0	0	2	0	0	0	0	0	0	0	0	0	0	0	0	0	0	0	0	0	0	0	0	2	0	0	0	0	0	0	0	0	0	0	0	0	2	0	0	0	0	41	0	0	6	0	0	15	0	23	0	0	0	0	0	0	14	0	2	0	0	0	0	0	0	0	0	0	0	0	2	0	0	0	0	0	0
"Bazom22"	0	0	0	0	0	0	0	0	0	0	0	0	0	0	0	0	0	0	0	0	0	0	0	0	0	0	0	0	0	0	0	0	0	0	0	0	0	0	0	0	0	0	0	0	0	0	0	96	0	0	0	0	0	0	0	0	6	3	0	0	0	0	0	0	0	0	0	0	0	0	0	0	0	0	0	0	0	0	0	0	0	0	0	0	0	0
"Bazom23"	0	0	0	0	0	0	5	0	0	14	0	14	0	0	0	0	0	0	0	0	0	0	0	0	6	0	0	0	0	0	0	0	16	0	0	0	0	0	0	0	0	0	0	0	0	35	0	0	0	0	0	0	4	0	0	0	1	0	16	0	0	0	0	0	0	14	0	3	0	8	0	0	0	0	0	0	0	0	0	8	0	0	0	0	0	2
"Bazom24"	0	0	0	0	0	0	0	0	0	0	0	0	0	0	0	0	0	0	0	0	0	0	0	0	0	0	0	0	0	0	0	0	0	0	0	0	0	0	0	0	0	0	0	0	0	0	0	112	0	0	0	0	0	0	0	0	2	0	0	0	0	0	0	0	0	0	0	0	0	0	0	0	0	0	0	0	0	0	0	0	0	0	0	0	0	0
"Bazom25"	0	0	0	0	0	0	0	0	0	9	0	0	0	0	0	0	0	0	0	0	0	0	0	0	5	0	0	0	0	0	0	0	0	0	0	0	0	0	0	0	0	0	2	0	0	1	1	0	0	1	14	0	0	3	0	0	3	0	12	0	0	1	0	0	0	39	0	1	0	0	0	0	0	0	0	0	0	26	0	0	0	0	0	0	0	0
"Bazom26"	0	0	0	0	0	0	0	0	0	13	0	0	0	0	0	0	0	0	0	0	0	0	0	0	9	0	0	0	0	0	0	0	0	0	0	0	0	0	0	0	0	2	0	0	0	1	2	6	0	0	45	0	1	2	0	0	0	0	7	0	0	1	0	0	0	15	0	3	0	1	0	0	0	0	0	0	0	14	0	0	0	0	0	0	0	0
"Mitzit1"	0	0	0	0	0	0	0	0	0	0	0	0	0	0	0	0	0	0	0	0	0	0	0	0	0	0	0	0	0	0	0	0	0	0	0	0	0	0	0	0	0	0	0	0	0	0	10	5	0	0	59	0	0	0	0	0	9	0	24	0	0	7	0	0	0	0	0	0	0	0	0	0	0	0	0	0	0	0	0	0	0	0	0	0	0	0
"Mitzit2"	0	0	0	0	0	0	0	0	0	0	0	0	0	0	0	0	0	0	0	0	0	0	0	0	0	0	0	0	0	0	0	0	0	0	0	0	0	0	0	0	0	0	0	0	0	0	21	13	0	10	26	0	0	0	0	0	3	0	23	0	0	0	0	0	0	0	0	0	0	0	0	0	0	0	0	0	0	0	0	0	0	0	0	0	0	0
"Mitzit3"	0	0	0	0	0	0	0	0	0	10	0	0	0	0	0	0	0	0	0	0	0	0	0	0	0	0	0	0	0	0	0	0	0	0	0	0	0	0	0	0	0	0	0	0	0	0	67	0	0	0	94	0	0	1	0	0	5	0	1	0	0	10	0	0	0	3	0	0	0	0	0	0	0	0	0	0	0	0	0	0	0	0	0	2	0	0
"Mitzit4"	0	0	0	0	0	0	0	0	0	6	0	0	0	0	0	0	0	0	0	0	0	0	0	0	0	0	0	0	0	0	0	0	0	0	0	0	0	0	0	0	0	0	0	0	0	0	4	0	0	24	57	0	0	0	0	0	15	0	4	0	0	1	0	0	0	0	0	0	0	0	0	0	0	0	0	0	0	14	0	0	0	0	0	0	0	0
"Mitzit5"	0	0	0	3	0	0	0	0	0	4	0	0	0	0	0	0	0	0	0	0	0	0	0	0	0	0	0	0	0	0	0	4	0	0	0	0	0	0	0	0	0	0	0	0	0	0	1	0	0	11	63	0	0	0	0	0	6	0	9	0	0	19	0	0	0	0	0	0	0	0	0	0	0	0	0	0	0	0	0	0	0	0	0	0	0	0
"Mitzit6"	2	0	8	4	0	0	0	0	0	2	0	2	0	0	0	0	0	0	0	0	0	0	0	0	0	0	0	0	0	0	0	0	0	0	0	0	0	0	0	0	0	0	0	0	0	0	0	0	0	32	82	0	0	0	0	0	1	9	8	0	0	32	0	0	0	0	0	0	0	0	0	0	0	0	0	0	0	0	0	0	0	0	0	2	0	0
"Mitzit7"	8	0	2	6	0	0	0	0	0	12	0	1	0	0	0	0	0	0	0	0	0	0	0	0	0	0	0	0	0	0	0	0	0	0	0	0	0	0	0	0	0	0	0	0	0	0	0	0	0	9	42	0	0	0	0	0	24	4	7	0	0	19	0	0	0	11	0	0	0	0	0	0	0	0	0	0	0	4	0	0	0	0	0	0	0	0
"Mitzit8"	9	0	0	0	0	0	0	0	0	9	0	5	0	0	0	0	0	0	0	0	0	0	0	0	0	0	0	0	0	0	0	0	0	0	0	0	3	0	0	0	0	0	0	0	0	0	4	0	0	21	20	0	0	0	0	0	9	2	48	0	0	27	0	0	0	2	0	0	0	0	0	0	0	0	0	0	0	0	0	0	0	0	0	0	0	0
"Mitzit9"	6	0	0	9	0	0	0	0	0	16	0	37	0	0	0	0	0	0	0	0	0	0	0	0	0	0	0	0	0	0	0	0	0	0	0	0	0	0	0	0	0	0	0	0	0	0	3	0	0	3	24	0	0	0	0	0	21	0	46	0	0	12	0	0	0	2	0	0	0	0	0	0	0	0	0	0	0	0	0	0	0	0	0	6	0	0
"Mitzit10"	0	0	0	2	0	0	0	0	0	22	0	21	0	0	0	0	0	0	0	0	0	0	0	0	1	1	0	0	0	0	0	0	0	0	0	0	0	0	0	0	0	21	29	0	0	1	0	0	0	0	8	0	5	0	0	0	0	0	30	0	0	0	0	0	0	27	0	1	0	0	0	0	0	23	0	0	0	8	0	0	0	0	0	2	0	0
"Huitep1"	1	0	2	0	0	0	0	0	0	0	0	0	0	0	0	0	0	0	0	0	0	0	0	0	0	0	0	0	0	0	0	0	0	0	0	0	0	0	0	0	0	0	1	0	0	0	0	0	0	0	0	0	0	0	0	0	16	0	3	0	0	47	0	0	1	1	0	0	0	0	0	0	0	0	0	0	0	0	0	0	0	0	0	11	0	0
"Huitep2"	6	0	0	0	5	0	0	0	0	0	0	0	0	0	0	0	0	0	0	0	0	0	0	0	0	5	2	0	0	0	0	0	0	0	0	0	0	0	0	0	0	0	0	1	0	0	0	0	0	0	0	0	0	0	0	0	13	0	15	0	0	17	0	0	0	2	0	4	0	0	0	0	0	0	0	2	0	5	0	1	0	0	0	19	0	0
"Huitep3"	0	0	0	1	0	0	23	0	0	0	0	0	0	0	0	0	9	0	0	0	0	0	0	0	0	8	0	0	0	0	0	0	0	0	3	0	0	0	0	0	0	0	7	3	0	2	0	0	0	0	0	0	0	0	0	0	2	0	14	0	0	3	0	0	0	6	0	0	0	3	0	0	0	9	0	0	0	0	0	7	0	0	0	18	0	0
"Huitep4"	0	0	2	0	0	0	0	0	0	0	0	0	0	0	0	0	0	0	0	0	0	0	0	0	0	1	0	0	0	0	0	0	0	0	0	0	0	0	0	0	0	0	0	1	0	0	0	0	0	0	0	0	0	1	0	0	56	5	3	0	0	45	0	0	3	0	0	0	0	0	0	0	0	0	0	0	0	0	0	0	0	0	0	0	0	0
"Huitep5"	4	0	4	6	0	0	0	0	0	0	0	0	0	0	0	0	9	0	0	0	0	0	0	6	0	10	0	0	0	0	0	6	0	0	0	1	0	0	0	0	0	0	2	0	0	0	0	0	0	1	0	0	0	1	0	0	1	0	5	8	0	5	0	0	0	0	0	0	0	0	0	0	0	3	0	0	0	4	0	0	0	0	0	28	0	0
"Huitep6"	0	0	2	4	0	0	0	0	0	0	0	0	0	0	0	0	1	0	0	0	0	0	0	1	0	19	0	0	0	0	0	0	0	0	0	0	0	0	0	0	0	0	3	0	0	0	0	0	0	0	0	0	0	0	0	4	11	4	25	0	0	20	0	0	0	22	0	0	0	0	0	0	0	3	0	0	0	0	0	0	0	0	0	19	0	0
"Huitep7"	1	0	0	9	0	0	5	0	0	0	0	0	0	0	0	0	0	0	0	0	0	0	0	1	0	8	18	0	0	0	0	1	0	0	0	0	0	0	0	0	0	0	3	0	0	0	0	0	0	0	0	0	0	0	0	0	12	0	64	0	0	23	0	0	0	0	0	0	0	0	0	0	0	0	0	2	0	0	0	0	0	0	0	4	0	0
"Huitep8"	0	0	0	0	0	0	0	0	0	0	0	0	0	0	0	0	0	0	0	0	0	0	0	0	0	0	0	0	0	0	0	0	0	0	0	0	0	0	0	0	0	0	2	0	0	0	0	0	0	0	0	0	0	0	0	0	22	0	4	0	0	30	0	0	0	9	0	0	0	0	0	0	0	0	0	0	0	7	0	0	0	0	0	7	0	0
"Huitep9"	0	0	0	1	0	0	0	0	0	0	0	0	3	0	0	0	0	0	0	0	0	0	0	0	0	0	0	0	0	0	0	0	0	0	0	0	0	0	0	0	0	0	4	5	0	0	0	0	0	0	0	0	0	2	0	2	18	0	12	0	0	42	0	0	1	0	0	0	0	0	0	0	0	0	0	0	0	0	0	0	0	0	0	6	0	0
"Huitep10"	8	0	5	0	15	0	0	0	0	2	0	0	0	0	0	0	3	0	0	0	0	0	0	0	0	8	3	0	0	0	0	13	0	0	8	0	9	0	0	0	0	0	4	0	0	0	0	0	0	0	0	1	0	0	0	0	0	0	9	0	0	5	0	0	1	1	0	0	0	0	0	0	1	2	0	3	0	13	0	0	0	0	0	5	0	0
"Huitep11"	0	0	9	1	0	0	0	0	0	0	0	0	0	0	0	0	0	0	0	0	0	0	0	0	0	0	0	0	0	0	0	0	0	0	0	0	0	0	0	0	0	0	0	0	0	0	0	0	0	0	0	0	0	0	0	1	4	11	0	0	0	52	0	0	1	0	0	0	0	0	0	0	0	0	0	0	0	0	0	0	0	0	0	0	0	0
"Huitep12"	0	0	2	0	0	0	0	0	0	0	0	0	2	0	0	0	0	0	0	0	0	0	0	0	0	0	0	0	0	0	0	0	0	0	0	0	0	0	0	0	0	0	0	0	0	0	0	0	0	0	0	0	0	1	0	0	39	1	4	0	0	86	0	0	0	0	0	0	0	0	0	0	0	0	0	0	0	4	0	0	0	0	0	5	0	0
"Huitep13"	1	0	6	2	0	0	0	0	0	0	0	0	0	0	0	0	0	0	0	0	0	0	0	0	0	0	0	0	0	0	0	0	0	0	0	0	0	0	0	0	0	0	0	0	0	0	0	0	0	0	0	0	0	0	0	3	21	3	2	0	0	46	0	0	0	1	0	0	0	0	0	0	0	0	0	0	0	0	0	0	0	0	0	3	0	0
"Huitep14"	0	0	7	7	0	0	1	0	0	0	0	0	0	0	0	0	0	0	0	0	0	0	0	0	0	3	2	0	0	0	0	1	0	0	0	0	15	0	0	0	0	0	0	1	0	0	0	0	0	0	0	0	0	7	0	7	53	0	65	0	0	35	0	0	0	1	0	0	0	1	0	0	0	0	0	0	0	0	0	1	0	0	0	4	0	0
"Huitep15"	0	0	1	0	0	0	0	0	0	1	0	0	0	0	0	0	0	0	0	0	0	0	0	1	0	4	0	0	0	0	0	0	0	0	0	0	0	0	0	0	0	0	12	0	0	0	0	0	0	0	0	0	0	4	0	3	22	0	17	0	0	18	0	0	1	14	0	1	0	0	0	0	0	1	0	0	0	0	0	0	0	0	0	20	0	0
"Huitep16"	0	0	0	1	0	0	25	0	0	0	0	0	0	0	0	0	11	0	0	0	0	0	0	0	4	5	0	0	0	0	0	0	0	0	0	3	0	0	0	0	0	0	1	0	0	4	0	0	0	0	0	0	1	2	0	0	2	0	7	0	0	2	0	0	0	1	0	0	0	0	0	0	0	9	0	0	0	2	0	3	0	0	0	13	0	0
"Huitep17"	0	0	0	15	0	0	0	6	0	0	0	0	0	0	0	0	1	0	0	3	0	0	0	0	2	0	0	0	0	0	0	2	0	0	0	27	0	0	0	0	0	0	4	0	0	17	0	0	0	0	0	0	3	0	0	0	0	0	8	0	0	0	0	0	0	0	0	0	0	0	0	0	0	0	0	4	0	5	0	0	0	0	0	0	0	3
"Huitep18"	0	0	0	2	0	0	3	1	0	0	0	0	0	0	0	0	5	0	5	4	0	0	0	0	3	0	0	0	0	0	0	2	0	1	1	19	0	0	0	0	0	0	5	0	0	14	0	0	0	0	0	6	9	0	2	0	0	0	3	0	0	0	0	0	0	0	0	0	0	2	0	0	4	1	0	0	0	3	0	0	0	0	0	1	0	0
"TzontA1"	0	0	0	2	0	2	6	0	0	1	0	0	0	0	0	8	0	0	1	3	0	0	0	0	18	0	0	0	0	0	0	0	0	7	33	4	0	0	0	0	0	0	3	0	0	8	0	0	0	0	0	8	3	0	0	0	0	0	0	0	0	0	0	0	0	0	0	0	0	0	0	0	0	2	0	1	0	0	0	0	0	0	1	0	3	3
"TzontA2"	0	0	0	1	0	0	0	9	0	13	0	0	0	0	0	3	0	0	0	6	0	0	0	0	1	0	0	0	0	0	0	0	0	0	6	8	0	0	0	0	0	0	1	0	0	27	0	0	0	0	0	3	0	0	0	0	0	0	2	0	0	0	0	0	0	0	0	0	0	0	0	0	0	0	0	6	0	0	0	0	0	0	7	5	0	0
"TzontA3"	0	0	0	3	0	0	0	1	0	1	0	2	0	0	0	0	0	0	0	2	0	0	0	0	5	1	0	0	0	0	0	0	0	3	16	8	0	0	0	0	0	0	2	0	0	8	0	0	0	0	0	3	8	0	0	0	0	0	0	0	0	0	0	0	0	0	0	0	0	0	0	0	0	0	0	0	0	0	0	0	0	0	0	4	0	0
"TzontA4"	0	0	0	10	8	0	0	14	0	3	0	0	0	0	0	0	0	0	2	4	0	0	0	0	9	1	1	0	0	0	0	0	0	0	2	14	0	0	0	0	0	0	0	0	0	26	0	0	0	0	0	1	2	0	0	0	0	0	6	0	0	0	0	0	0	1	0	0	0	0	0	0	5	0	0	2	0	0	0	0	0	0	1	18	0	0
"TzontA5"	0	0	0	30	2	0	0	5	0	0	0	0	0	0	0	0	0	0	3	0	0	0	0	1	19	0	0	0	0	0	0	0	0	0	16	5	0	0	0	0	0	0	2	0	0	21	0	0	0	0	0	0	1	0	0	0	0	0	0	0	0	0	0	0	0	0	0	0	0	9	0	0	6	0	0	1	0	0	0	0	0	0	0	10	0	0
"TzontA6"	0	0	0	7	0	0	1	5	0	3	0	3	0	0	0	0	0	0	0	4	0	0	0	0	6	0	0	0	0	0	0	0	0	2	23	5	0	0	0	0	0	0	3	0	0	32	0	0	0	0	0	8	9	0	9	0	0	0	3	0	0	0	0	0	0	0	0	1	0	0	0	0	5	0	0	5	0	0	0	0	0	0	5	0	1	7
"TzontA7"	0	0	0	2	0	0	0	15	0	9	0	0	0	0	0	0	0	0	0	20	0	0	0	0	0	0	0	0	0	0	0	0	0	0	0	1	0	0	0	0	0	0	1	0	0	17	0	0	0	0	0	12	0	0	18	0	0	0	4	0	0	0	0	0	0	0	0	0	0	0	0	0	0	0	0	5	0	0	0	0	0	0	0	1	0	0
"TzontA8"	0	0	0	9	1	0	0	12	0	5	0	0	0	0	0	0	0	0	0	4	0	0	0	0	8	0	0	0	0	0	0	0	0	0	16	18	0	0	0	0	0	0	0	0	0	21	0	0	0	0	0	4	3	0	3	0	0	0	0	0	0	0	0	0	0	0	0	0	0	0	0	0	0	0	0	4	0	0	0	0	0	0	2	10	0	1
"TzontA9"	0	0	0	8	1	0	0	5	0	0	0	4	0	0	0	3	0	0	0	0	0	0	0	0	13	1	0	0	0	0	0	0	0	4	48	1	0	0	0	0	0	0	0	0	0	45	0	0	0	0	0	0	2	0	0	0	0	0	0	0	0	0	0	0	0	0	0	0	0	0	0	0	4	0	0	1	0	0	0	0	0	0	1	5	2	0
"TzontA10"	0	0	0	4	0	0	0	44	0	3	0	0	0	0	0	0	0	0	0	23	0	0	0	0	0	0	0	0	0	0	0	1	0	0	4	7	0	0	0	0	0	0	0	0	0	46	0	0	0	0	0	9	2	0	9	0	0	0	0	0	0	0	0	0	0	0	0	0	0	0	0	0	0	0	0	9	0	0	0	0	0	0	2	2	0	1
"Chilil1"	5	0	1	1	0	0	0	0	0	0	0	0	0	0	0	0	0	0	0	0	0	0	0	1	0	0	0	0	0	0	0	0	0	0	0	0	5	0	0	0	0	0	0	0	0	0	0	0	0	5	14	0	0	2	0	0	45	10	0	0	0	11	0	0	0	0	0	0	0	0	0	0	0	0	0	0	0	0	0	0	0	0	0	0	0	0
"Chilil2"	12	0	0	0	0	0	0	0	0	1	0	0	1	0	0	0	0	0	0	0	0	0	0	0	0	0	0	0	0	0	0	1	0	0	0	0	2	0	0	0	0	0	0	0	0	0	0	0	0	2	43	0	0	0	0	0	13	0	0	0	0	2	0	0	0	0	0	0	0	0	0	0	0	0	0	0	0	0	0	0	0	0	0	0	0	0
"Chilil3"	2	0	0	1	0	0	0	0	0	1	0	0	1	0	0	0	0	0	0	0	0	0	0	0	0	0	0	0	0	0	0	0	0	0	0	0	0	0	0	0	0	0	0	0	0	0	0	9	0	4	17	0	0	0	0	0	14	9	0	0	0	6	0	0	0	0	0	0	0	0	0	0	0	0	0	0	0	0	0	0	0	0	0	0	0	0
"Chilil4"	7	0	1	0	0	0	0	0	0	1	0	0	2	0	0	0	0	0	0	0	0	0	0	1	0	0	0	0	0	0	0	0	0	0	0	0	0	0	0	0	0	0	0	0	0	0	0	0	0	4	23	0	0	1	0	0	44	9	0	0	0	2	0	0	1	0	0	0	0	0	0	0	0	0	0	0	0	0	0	0	0	0	0	0	0	0
"Chilil5"	7	0	3	3	0	0	0	0	0	3	0	0	0	0	0	0	0	0	0	0	0	0	0	0	0	2	0	0	0	0	0	0	0	0	0	0	0	0	0	0	0	0	0	0	0	0	0	1	0	4	30	0	0	1	0	0	32	32	0	0	0	30	0	0	2	0	0	0	0	0	0	0	0	0	0	0	0	0	0	0	0	0	0	0	0	0
"Chilil6"	0	0	1	4	0	0	0	0	0	2	0	0	0	0	0	0	0	0	0	0	0	0	0	0	0	0	0	0	0	0	0	0	0	0	0	0	0	0	0	0	0	0	0	0	0	0	0	0	0	14	33	0	0	0	0	0	13	18	0	0	0	23	0	0	5	0	0	0	0	0	0	0	0	0	0	0	0	0	0	0	0	0	0	2	0	0
"Chilil7"	3	0	0	0	0	0	0	0	0	12	0	2	0	0	0	0	0	0	0	0	0	0	0	0	0	0	0	0	0	0	0	0	0	0	0	0	0	0	0	0	0	0	0	0	0	0	0	0	0	8	18	0	0	0	0	0	9	9	1	0	0	14	0	0	2	1	0	0	0	0	0	0	0	0	0	0	0	0	0	0	0	0	0	11	0	0
"Chilil8"	3	0	0	1	0	0	0	0	0	8	0	0	0	0	0	0	0	0	0	0	0	0	0	1	0	0	0	0	0	0	0	0	0	0	0	0	1	0	0	0	0	0	0	0	0	0	0	0	0	2	27	0	0	1	0	0	10	3	1	0	0	16	0	0	0	4	0	0	0	1	0	0	0	0	0	0	0	0	0	7	0	0	0	0	0	0
"Chilil9"	0	0	4	5	0	0	0	0	0	3	0	0	9	0	0	0	0	0	0	0	0	0	0	0	0	1	0	0	0	0	0	1	0	0	0	0	0	0	0	0	0	0	4	0	0	0	3	0	0	1	0	0	0	7	0	0	4	41	0	0	0	28	0	0	0	0	0	0	0	0	0	0	0	0	0	0	0	0	0	0	0	0	0	4	0	0
"Chilil10"	2	0	0	5	0	0	0	0	0	3	0	1	0	0	0	0	0	0	0	0	0	0	0	0	0	0	0	0	0	0	0	0	0	0	0	0	0	0	0	0	0	0	0	0	0	0	0	0	0	11	17	0	0	0	0	0	15	11	0	0	0	11	0	0	0	0	0	0	0	0	0	0	0	0	0	0	0	0	0	0	0	0	0	7	0	0
"SAnton1"	0	0	0	0	0	0	0	0	0	11	0	0	0	0	0	0	0	0	0	0	0	0	0	2	0	1	3	0	0	0	0	0	0	0	0	0	0	0	0	0	0	0	8	2	0	0	1	0	0	1	9	0	0	0	0	0	0	0	27	8	0	10	0	0	1	3	0	0	0	0	0	0	0	0	0	0	0	0	0	4	0	0	0	2	0	0
"SAnton2"	1	0	0	1	0	0	3	0	0	12	0	0	0	0	0	0	0	0	0	0	0	0	0	12	1	0	2	0	0	0	0	1	0	0	0	0	0	0	0	0	0	0	7	2	0	0	0	0	0	1	0	0	0	0	0	0	0	0	27	0	0	3	0	0	0	1	0	0	0	0	0	0	0	0	0	0	0	1	0	15	0	0	0	1	0	0
"SAnton3"	1	0	2	0	0	0	0	0	0	0	0	0	0	0	0	0	0	0	0	0	0	0	0	0	0	0	0	0	0	0	0	0	0	0	0	0	0	0	0	0	0	0	0	0	0	0	0	0	0	22	1	0	0	0	0	0	3	4	1	5	0	24	0	0	0	0	0	0	0	0	0	0	0	0	0	0	0	0	0	0	0	0	0	0	0	0
"SAnton4"	0	0	0	3	0	0	0	0	0	2	0	0	0	0	0	0	0	0	0	0	0	0	0	12	0	1	1	0	0	0	0	0	0	0	0	0	0	0	0	0	0	3	0	0	0	0	0	2	0	3	3	0	0	0	0	0	0	0	13	3	0	10	0	0	0	0	0	0	0	0	0	0	0	0	0	0	0	0	0	2	0	0	0	1	0	0
"SAnton5"	0	0	0	1	0	0	0	0	0	6	0	0	0	0	0	0	0	0	0	0	0	0	0	0	0	0	0	0	0	0	0	0	0	0	0	0	0	0	0	0	0	0	0	0	0	0	0	0	0	23	11	0	0	0	0	0	9	0	30	11	0	47	0	0	0	0	0	0	0	0	0	0	0	0	0	0	0	0	0	0	0	0	0	0	0	0
"SAnton6"	2	0	0	0	0	0	0	0	0	11	0	0	0	0	0	0	0	0	0	0	0	0	0	10	0	0	3	0	0	0	0	0	0	0	0	0	6	0	0	0	0	0	1	0	0	0	1	2	0	2	6	0	0	0	0	0	4	0	35	0	0	3	0	3	0	0	0	0	0	0	0	0	0	0	0	0	0	0	0	0	0	0	0	1	0	0
"SAnton7"	2	0	2	1	0	0	0	0	0	1	0	0	0	0	0	0	0	0	0	0	0	0	0	1	0	0	0	0	0	0	0	0	0	0	0	0	0	0	0	0	0	0	0	0	0	0	0	0	0	5	2	0	0	0	0	0	1	31	0	0	0	15	0	0	0	0	0	0	0	0	0	0	0	0	0	0	0	0	0	0	0	0	0	0	0	0
"SAnton8"	0	0	0	2	0	0	0	0	0	15	0	0	0	0	0	0	0	0	0	0	0	0	0	19	0	0	1	0	0	0	0	0	0	0	0	0	11	0	0	0	0	0	1	0	0	0	31	0	0	37	17	0	0	0	0	0	2	0	8	2	0	14	0	0	0	2	0	1	0	0	0	0	0	0	0	0	0	7	0	0	0	0	0	0	0	0
"SAnton9"	1	0	0	0	0	0	0	0	0	0	0	0	0	0	0	0	0	0	0	0	0	0	0	0	0	0	0	0	0	0	0	0	0	0	0	0	0	0	0	0	0	0	0	0	0	0	0	0	0	8	10	0	0	0	0	0	9	3	0	0	0	15	0	0	1	0	0	0	0	0	0	0	0	0	0	0	0	0	0	0	0	0	0	0	0	0
"SAnton10"	4	0	0	0	0	0	0	0	0	32	0	0	0	0	0	0	0	0	0	0	0	0	0	6	0	0	0	0	0	0	0	0	0	0	0	0	12	0	0	0	0	0	0	0	0	0	1	0	0	1	1	0	0	0	0	0	4	1	35	0	0	9	0	0	1	2	0	0	0	0	0	0	0	0	0	0	0	1	0	0	0	0	0	1	0	0
"Santia1"	0	0	0	1	0	0	0	0	0	4	0	18	0	0	0	0	0	0	0	0	0	0	0	0	0	2	0	0	0	0	0	0	0	0	0	0	0	0	0	0	0	1	0	29	0	0	0	0	0	0	1	0	0	0	0	0	1	0	19	0	0	4	0	0	0	2	0	0	0	0	0	0	0	0	0	0	0	1	0	2	0	0	0	7	0	0
"Santia2"	1	0	1	0	0	0	0	0	0	0	0	0	0	0	0	0	0	0	0	0	0	0	0	0	0	0	0	0	0	0	0	0	0	0	0	0	0	0	0	0	0	0	0	0	0	0	0	4	0	15	11	0	0	0	0	0	35	2	0	0	0	12	0	0	0	1	0	0	0	0	0	0	0	0	0	0	0	0	0	0	0	0	0	0	0	0
"Santia3"	0	0	8	3	0	0	0	0	0	0	0	0	0	0	0	0	0	0	0	0	0	0	0	0	0	0	0	0	0	0	0	0	0	0	0	0	0	0	0	0	0	0	0	0	0	0	0	0	0	32	9	0	0	0	0	0	12	1	0	3	0	21	0	0	0	0	0	0	0	0	0	0	0	0	0	0	0	0	0	0	0	0	0	0	0	0
"Santia4"	0	0	14	6	0	0	0	0	0	0	0	0	0	0	0	0	0	0	0	0	0	0	0	0	0	0	0	0	0	0	0	0	0	0	0	0	0	0	0	0	0	0	0	0	0	0	0	1	0	27	10	0	0	0	0	0	7	19	0	9	0	32	0	0	3	0	0	0	0	0	0	0	0	0	0	0	0	0	0	0	0	0	0	0	0	0
"Santia5"	1	0	5	0	0	0	0	0	0	0	0	0	0	0	0	0	0	0	0	0	0	0	0	0	0	0	0	0	0	0	0	0	0	0	0	0	0	0	0	0	0	0	0	0	0	0	0	3	0	2	27	0	0	0	0	0	48	14	0	0	0	21	0	0	3	0	0	0	0	0	0	0	0	0	0	0	0	0	0	0	0	0	0	0	0	0
"Santia6"	0	0	4	0	0	0	0	0	0	0	0	0	0	0	0	0	0	0	0	0	0	0	0	0	0	0	0	0	0	0	0	0	0	0	0	0	0	0	0	0	0	0	0	0	0	0	0	0	0	9	23	0	0	0	0	0	18	32	0	5	0	54	0	0	4	0	0	0	0	0	0	0	0	0	0	0	0	0	0	0	0	0	0	0	0	0
"Santia7"	2	0	4	0	0	0	0	0	0	0	0	0	0	0	0	0	0	0	0	0	0	0	0	0	0	0	0	0	0	0	0	0	0	0	0	0	0	0	0	0	0	0	0	0	0	0	0	10	0	4	14	0	0	0	0	0	65	2	0	0	0	10	0	0	0	0	0	0	0	0	0	0	0	0	0	0	0	0	0	0	0	0	0	0	0	0
"Santia8"	0	0	5	4	0	0	0	0	0	0	0	0	0	0	0	0	0	0	0	0	0	0	0	0	0	0	0	0	0	0	0	0	0	0	0	0	0	0	0	0	0	0	0	0	0	0	0	9	0	15	22	0	0	0	0	0	3	14	0	3	0	25	0	1	2	1	0	0	0	0	0	0	0	0	0	0	0	0	0	0	0	0	0	0	0	0
"Santia9"	0	0	1	1	0	0	0	0	0	0	0	0	0	0	0	0	0	0	0	0	0	0	0	0	0	0	0	0	0	0	0	0	0	0	0	0	0	0	0	0	0	0	0	0	0	0	0	0	0	2	0	0	0	0	0	0	1	22	0	0	0	75	0	0	1	0	0	0	0	0	0	0	0	0	0	0	0	0	0	0	0	0	0	0	0	0
"Santia10"	1	0	8	0	0	0	0	0	0	0	0	0	0	0	0	0	0	0	0	0	0	0	0	0	0	0	0	0	0	0	0	0	0	0	0	0	0	0	0	0	0	0	0	0	0	0	1	0	0	2	26	0	0	0	0	0	37	3	0	0	0	25	0	0	1	0	0	0	0	0	0	0	0	0	0	0	0	0	0	0	0	0	0	0	0	0
"Yalcuk1"	12	0	0	11	0	0	0	0	0	8	0	8	0	0	0	0	0	0	0	0	0	0	0	0	0	0	0	0	0	0	0	1	0	0	0	0	0	0	0	0	0	0	1	0	0	0	0	0	0	0	1	0	0	3	0	0	0	2	1	0	0	1	0	0	0	7	0	0	0	1	0	0	0	0	0	0	0	0	0	0	0	0	0	1	0	0
"Yalcuk2"	0	0	0	0	0	0	0	0	0	5	0	0	0	0	6	0	0	0	0	0	0	0	0	0	0	0	0	0	0	0	0	0	0	0	0	0	2	0	0	0	0	0	0	0	0	0	0	2	0	1	6	0	0	0	0	0	0	0	6	0	0	2	0	0	0	0	0	0	0	0	0	0	0	0	0	0	0	0	0	0	0	0	0	0	0	0
"Yalcuk3"	0	0	0	0	0	0	0	0	0	2	0	0	0	0	0	0	0	0	0	0	0	0	0	0	0	0	0	0	0	0	0	0	0	0	0	0	0	0	0	0	0	0	0	0	0	0	3	4	0	2	3	0	0	0	0	0	6	0	0	0	0	2	0	0	0	0	0	0	0	0	0	0	0	0	0	0	0	0	0	0	0	0	0	0	0	0
"Yalcuk4"	5	0	0	0	0	0	0	0	0	0	0	0	0	0	0	0	0	0	0	0	0	0	0	0	0	0	0	0	0	0	0	0	0	0	0	0	0	0	0	0	0	0	0	0	0	0	0	1	0	4	20	0	0	0	0	0	10	12	0	0	0	2	0	0	0	0	0	0	0	0	0	0	0	0	0	0	0	0	0	0	0	0	0	0	0	0
"Yalcuk5"	1	0	0	2	1	0	0	0	0	1	0	0	1	0	0	0	0	0	0	0	0	0	0	0	0	0	0	0	0	0	0	0	0	0	0	0	0	0	0	0	0	0	0	0	0	0	0	3	0	0	3	0	0	0	0	0	7	11	0	0	0	16	0	0	1	0	0	0	0	0	0	0	0	0	0	0	0	0	0	0	0	0	0	0	0	0
"Yalcuk6"	5	0	0	1	1	0	0	0	0	0	0	1	0	0	0	0	0	0	0	0	0	0	0	0	0	0	1	0	0	0	0	0	0	0	0	0	0	0	0	0	0	0	0	1	0	0	0	1	0	0	0	0	0	1	0	0	2	7	0	0	0	8	0	0	0	2	0	0	0	0	0	0	0	2	0	0	0	0	0	0	0	0	0	1	0	0
"Yalcuk7"	1	0	0	0	0	0	0	0	0	4	0	0	0	0	0	0	0	0	0	0	0	0	0	0	0	0	0	0	0	0	0	0	0	0	0	0	0	0	0	0	0	0	0	11	0	0	0	1	0	12	10	0	0	0	0	0	0	14	0	0	0	8	0	0	0	1	0	0	0	0	0	0	0	0	0	0	0	0	0	0	0	0	0	0	0	0
"Yalcuk8"	1	0	0	0	0	0	0	0	0	12	0	0	0	0	0	0	0	0	0	0	0	0	0	0	0	0	0	0	0	0	0	0	0	0	0	0	0	0	0	0	0	0	0	0	0	0	0	0	0	1	13	0	0	0	0	0	0	1	1	0	0	16	0	0	0	0	0	0	0	0	0	0	0	0	0	0	0	0	0	0	0	0	0	0	0	0
"Yalcuk9"	0	0	1	1	0	0	0	0	0	1	0	0	0	0	0	0	0	0	0	0	0	0	0	0	0	0	0	0	0	0	0	0	0	0	0	0	0	0	0	0	0	0	1	0	0	0	0	5	0	1	19	0	0	0	0	0	3	17	0	0	0	8	0	0	0	0	0	0	0	0	0	0	0	0	0	0	0	0	0	0	0	0	0	0	0	0
"Yalcuk10"	0	0	0	4	0	6	0	0	0	4	0	9	0	0	7	0	0	0	0	0	0	0	0	0	0	0	2	0	0	0	0	0	3	3	0	0	0	0	0	0	0	4	1	11	0	5	0	0	0	0	5	1	0	0	0	0	0	0	1	0	0	0	0	0	0	5	0	0	0	1	0	0	0	1	0	0	0	0	0	0	0	0	0	0	0	0
"TzontB1"	0	0	0	0	0	0	0	3	0	7	0	0	0	0	0	1	0	0	0	21	0	0	0	0	0	0	0	0	0	0	0	0	0	0	1	1	0	0	0	0	0	0	0	0	0	3	0	0	0	0	0	0	8	0	5	0	0	0	0	0	0	0	0	0	0	21	0	0	0	0	0	0	0	0	0	0	0	0	0	0	0	0	0	0	22	6
"TzontB2"	0	0	0	0	0	15	4	0	0	4	0	0	0	0	0	13	0	0	0	6	0	0	0	0	9	0	0	0	0	0	0	0	0	1	7	2	0	0	0	0	0	0	1	0	0	5	0	0	0	0	0	0	10	0	0	0	0	0	0	0	0	0	0	0	0	4	0	0	0	0	0	0	0	8	0	0	0	0	0	0	0	0	0	0	2	2
"TzontB3"	0	0	0	0	0	0	0	1	0	17	0	0	0	0	0	0	0	0	0	12	0	0	0	0	0	0	0	0	0	0	0	0	0	0	4	1	0	0	0	0	0	0	0	0	0	7	0	0	0	0	0	1	10	0	9	0	0	0	0	0	0	0	0	0	0	14	0	0	0	0	0	0	0	0	0	1	0	0	0	0	0	0	0	0	24	0
"TzontB4"	0	0	0	0	0	3	3	0	0	9	0	4	0	0	0	2	0	0	3	4	0	0	0	0	3	0	0	0	0	0	0	0	1	0	11	2	0	0	0	0	0	0	0	0	0	6	0	0	0	0	0	8	8	0	8	0	0	0	0	0	0	0	0	0	0	7	0	0	0	0	0	0	0	2	0	2	0	0	0	0	0	0	1	0	13	3
"TzontB5"	0	0	0	0	0	3	3	0	0	2	0	0	0	0	0	14	0	0	4	1	0	0	0	0	7	0	0	0	0	0	0	0	0	0	23	1	0	0	0	0	0	0	0	0	0	9	0	0	0	0	0	5	7	0	0	0	0	0	0	0	0	0	0	0	0	2	0	0	0	0	0	0	1	5	0	0	0	0	0	0	0	0	0	0	2	1
"TzontB6"	0	0	0	0	0	0	0	1	0	14	0	0	0	0	0	0	0	0	0	11	0	0	0	0	0	0	0	0	0	0	0	0	0	0	1	0	0	0	0	0	0	0	0	0	0	2	0	0	0	0	0	18	0	0	19	0	0	0	0	0	0	0	0	0	0	13	0	0	0	0	0	0	0	0	0	1	0	0	0	0	0	0	0	0	42	2
"TzontB7"	0	0	0	0	0	0	0	4	0	17	0	0	0	0	0	1	0	0	0	16	0	0	0	0	0	0	0	0	0	0	0	0	0	0	14	0	0	0	0	0	0	0	0	0	0	7	0	0	0	0	0	17	0	0	15	0	0	0	0	0	0	0	0	0	0	12	0	0	0	0	0	0	0	0	0	0	0	0	0	0	0	0	0	0	19	3
"TzontB8"	0	0	0	0	0	0	0	1	0	6	0	0	0	0	0	23	0	0	7	6	0	0	0	0	1	0	0	0	0	0	0	0	0	0	20	1	0	0	0	0	0	0	0	0	0	6	0	0	0	0	0	0	1	0	0	0	0	0	0	0	0	0	0	0	0	3	0	0	0	0	0	0	0	0	0	0	0	0	0	0	0	0	1	0	2	1
"TzontB9"	0	0	0	0	0	0	0	5	0	5	0	0	0	0	0	1	0	0	0	4	0	0	0	0	5	0	0	0	0	0	0	0	0	0	13	6	0	0	0	0	0	0	0	0	0	8	0	0	0	0	0	9	7	0	8	0	0	0	0	0	0	0	0	0	0	6	0	0	0	0	0	0	0	0	0	3	0	0	0	0	0	0	2	0	0	1
"TzontB10"	0	0	0	3	0	0	0	8	0	19	0	0	0	0	0	0	0	0	0	18	0	0	0	0	0	0	0	0	0	0	0	0	0	0	47	1	0	0	0	0	0	0	0	0	0	7	0	0	0	0	0	5	1	0	18	0	0	0	0	0	0	0	0	0	0	5	0	0	0	0	0	0	0	0	0	5	0	0	0	0	0	0	0	0	4	2
"Epalch1"	2	0	0	0	0	0	7	10	0	11	0	7	5	0	0	0	0	0	0	0	0	0	0	3	0	0	2	2	0	1	18	0	0	0	0	0	0	0	3	0	4	0	0	0	0	0	0	0	0	0	1	0	0	0	0	2	0	1	0	0	0	0	0	0	0	0	0	0	0	0	0	0	0	0	0	0	0	0	0	0	0	0	0	4	0	0
"Epalch2"	12	0	5	0	0	0	0	8	0	5	0	2	0	0	0	0	0	0	0	0	0	0	0	0	0	0	0	0	0	0	2	0	0	0	0	0	0	0	1	0	0	0	0	0	0	0	0	0	0	0	0	0	0	0	0	4	7	1	0	0	0	0	0	0	0	0	1	0	0	0	0	0	0	0	0	0	0	0	0	0	0	27	0	2	0	0
"Epalch3"	1	0	1	1	0	0	1	31	0	27	0	1	0	0	0	0	0	0	0	0	0	0	0	0	0	0	0	1	0	6	44	0	0	0	0	0	28	0	1	0	0	0	0	0	0	0	0	0	0	0	0	0	0	0	0	0	11	3	0	0	0	0	0	0	1	0	0	0	0	0	1	0	0	0	0	0	0	0	0	0	0	0	0	0	0	0
"Epalch4"	1	0	1	0	0	0	0	3	0	3	0	0	1	0	0	0	0	0	0	0	0	0	0	1	0	0	1	0	0	8	6	0	0	0	0	0	0	0	7	0	4	9	2	0	0	0	0	0	0	0	0	0	0	0	0	0	1	1	0	0	0	0	0	0	0	0	8	0	0	0	0	0	0	0	0	0	0	0	0	0	0	0	0	6	0	0
"Epalch5"	3	0	0	3	0	0	0	1	0	1	0	1	1	0	0	0	0	0	0	0	0	0	0	0	0	0	7	0	0	1	61	0	0	0	0	0	0	0	2	0	0	0	0	2	0	0	0	0	0	0	0	0	0	0	0	0	0	0	0	0	0	0	0	0	0	0	0	0	0	0	0	0	0	0	0	0	0	0	0	0	0	0	0	3	0	0
"Epalch6"	0	0	0	2	0	1	0	3	0	3	0	5	8	0	0	0	0	0	0	0	0	0	0	0	0	1	0	0	0	0	3	0	0	0	0	0	0	0	0	0	5	0	0	0	0	0	0	0	0	0	0	0	0	0	0	0	0	0	0	0	0	0	0	0	0	0	0	0	0	0	0	0	0	0	0	0	0	0	0	0	0	0	0	15	0	0
"Epalch7"	0	0	0	4	0	0	0	11	0	3	0	27	12	0	0	0	0	0	0	0	0	0	0	0	0	3	2	0	0	2	8	1	0	0	0	0	1	0	0	0	13	0	0	0	0	0	0	0	0	0	0	0	0	0	0	0	0	0	0	0	0	0	0	0	0	0	1	1	0	0	1	0	0	0	0	0	0	0	0	0	0	0	0	1	0	0
"Epalch8"	0	0	0	1	0	0	0	10	0	4	0	8	0	0	0	0	0	0	0	0	0	0	0	0	0	0	0	0	0	0	13	1	0	0	0	0	0	0	4	0	11	0	0	7	0	0	0	0	0	0	0	0	0	0	0	6	1	7	0	0	0	0	0	0	3	0	1	0	0	0	1	0	0	0	0	0	0	0	0	0	0	6	0	4	0	0
"Epalch9"	0	0	0	0	0	0	0	9	0	0	0	22	1	0	0	0	0	0	0	0	0	0	0	0	0	1	0	0	0	0	13	0	0	0	0	0	0	0	3	0	1	0	0	0	0	0	0	0	0	0	0	0	0	0	0	0	0	0	0	0	0	0	0	0	0	0	0	0	0	0	0	0	0	0	0	0	0	0	0	0	0	0	0	10	0	0
"Epalch10"	0	0	0	0	0	0	0	7	0	0	0	9	0	0	0	0	0	0	0	0	0	0	0	0	0	1	0	0	0	0	2	0	0	0	0	0	0	0	0	0	2	0	0	0	0	0	0	0	0	0	0	0	0	0	0	24	0	0	0	0	0	0	0	0	0	0	0	0	0	0	0	0	0	0	0	0	0	0	0	0	0	0	0	15	0	0
"Carid1"	0	0	0	0	0	0	0	0	0	1	0	2	0	0	0	0	0	0	0	0	0	0	0	0	0	0	0	1	0	0	2	0	0	0	0	0	0	0	0	23	4	7	0	0	0	0	0	0	0	0	0	0	0	0	0	0	0	0	0	0	0	0	9	0	0	0	0	0	0	0	0	0	0	0	1	0	0	0	0	0	0	0	0	0	0	0
"Carid2"	0	0	0	0	0	0	0	0	0	0	0	0	0	0	0	0	0	0	0	0	0	0	0	0	11	0	0	2	0	0	2	0	0	0	0	0	0	0	0	23	9	1	1	0	0	0	0	0	0	0	0	0	0	0	0	0	0	0	0	0	0	0	6	0	0	0	0	0	0	0	0	0	0	0	7	0	0	0	0	0	0	0	0	0	0	0
"Carid3"	0	0	0	0	0	0	0	0	0	0	0	0	0	0	0	0	0	0	0	0	0	0	0	0	0	0	0	4	0	0	1	0	0	0	0	0	0	0	0	10	11	1	6	0	0	0	0	0	0	0	0	0	0	0	0	0	0	0	0	0	0	0	4	0	0	0	0	0	0	0	0	0	0	0	2	0	0	0	0	0	0	0	0	0	0	0
"Carid4"	0	0	0	0	0	0	1	0	0	1	0	3	0	0	0	1	0	0	0	0	0	0	0	0	12	0	0	0	0	0	5	0	0	0	0	0	0	0	0	10	7	1	1	0	0	0	0	0	0	0	0	0	0	0	0	0	0	0	0	0	0	0	2	0	0	0	0	0	0	0	0	0	0	0	1	0	0	0	0	0	0	0	0	0	0	0
"Carid5"	0	0	0	0	0	0	0	0	0	0	0	0	0	0	0	3	0	0	0	0	0	0	0	0	3	0	0	7	0	0	2	0	0	0	0	0	0	0	0	9	3	0	0	0	0	1	0	0	0	0	0	0	0	0	0	0	0	0	0	0	0	0	9	0	0	0	0	0	0	0	0	0	0	0	0	0	0	0	0	0	0	0	0	0	0	0
"Carid6"	0	0	0	0	0	0	0	0	0	0	0	0	0	0	0	1	0	0	0	0	0	0	0	0	1	0	0	3	0	0	3	0	0	0	0	0	0	0	0	9	7	1	0	0	0	2	0	0	0	0	0	0	0	0	0	0	0	0	0	0	0	0	9	0	0	0	0	0	0	0	0	0	0	0	0	0	0	0	0	0	0	0	0	0	0	0
"Carid7"	0	0	0	0	0	0	0	0	0	0	0	1	0	0	0	1	0	0	0	0	0	0	0	0	1	0	0	0	0	0	7	0	0	0	0	0	0	0	6	8	2	0	0	0	0	0	0	0	0	0	0	0	0	0	0	0	0	0	0	0	0	0	17	0	0	0	0	0	0	0	0	0	0	0	3	0	0	0	0	0	0	7	0	0	0	0
"Carid8"	0	0	0	0	0	0	2	0	0	0	0	0	0	0	0	4	0	0	0	0	0	0	0	0	6	0	0	1	0	0	0	0	0	0	0	0	0	0	2	4	6	1	2	0	0	0	0	0	0	0	0	0	0	0	0	0	0	0	0	0	0	0	5	0	0	0	0	0	0	0	0	0	0	0	5	0	0	0	0	0	0	0	0	0	0	0
"Carid9"	0	0	0	0	0	0	0	0	0	0	0	0	0	0	0	0	0	0	0	0	0	0	0	0	2	0	0	5	0	0	6	0	0	0	0	0	0	0	1	19	6	0	0	0	0	0	0	0	0	0	0	0	0	0	0	0	0	0	0	0	0	0	12	0	0	0	0	0	0	0	0	0	0	0	8	0	0	0	0	0	0	0	0	0	0	0
"Carid10"	0	0	0	0	0	0	2	0	0	0	0	2	4	0	0	4	0	0	0	0	0	0	0	0	1	1	0	1	0	0	2	0	0	0	0	0	2	0	2	20	1	0	0	0	0	0	0	0	0	0	0	0	0	0	0	0	0	0	0	0	0	0	12	0	0	0	0	0	0	1	0	0	0	0	1	0	0	0	0	0	0	0	0	0	0	0
"Yasht1"	0	0	1	1	0	0	0	0	0	46	0	0	0	0	0	0	0	0	0	0	0	0	0	0	0	0	0	0	0	0	0	0	0	0	0	0	7	0	0	0	0	0	1	12	0	0	6	0	0	0	8	0	0	0	0	0	4	5	11	12	0	20	0	0	1	0	0	0	0	0	0	0	0	0	0	0	0	0	0	0	0	0	0	2	0	0
"Yasht2"	0	0	1	1	0	0	0	0	0	2	0	0	0	0	0	0	0	0	0	0	0	0	0	0	0	0	0	0	0	0	0	0	0	0	0	0	12	0	0	0	0	0	0	0	0	0	6	4	0	3	13	0	0	0	0	0	44	20	1	0	0	37	0	0	0	0	0	0	0	0	0	0	0	0	0	0	0	0	0	0	0	0	0	1	0	0
"Yasht3"	0	0	0	0	0	0	0	0	0	0	0	0	0	0	37	0	0	0	0	0	0	0	0	0	0	0	0	0	0	0	0	0	0	0	0	0	0	0	0	0	0	0	0	0	0	0	4	0	0	1	0	0	0	0	0	0	0	0	12	0	0	0	0	0	0	0	0	0	0	0	0	0	0	0	0	0	0	0	0	0	0	0	0	0	0	0
"Yasht4"	0	0	0	0	0	0	0	0	0	0	0	0	0	0	44	0	0	0	0	0	0	0	0	0	0	0	0	0	0	0	0	0	0	0	0	0	0	0	0	0	0	0	0	0	0	0	0	0	0	5	1	0	0	0	0	0	0	0	1	0	0	0	0	0	0	0	0	0	0	0	0	0	0	0	0	0	0	0	0	0	0	0	0	0	0	0
"Yasht5"	0	0	1	0	0	0	0	0	0	0	0	0	0	0	0	0	0	0	0	0	0	0	0	0	0	0	0	0	0	0	0	0	0	0	0	0	0	0	0	0	0	0	0	0	0	0	0	0	0	1	18	0	0	0	0	0	1	0	9	0	0	1	0	0	0	0	0	0	0	0	0	0	0	0	0	0	0	0	0	0	0	0	0	0	0	0
"Yasht6"	0	0	2	6	0	0	0	0	0	9	0	0	0	0	0	0	0	0	0	0	0	0	0	0	0	0	0	0	0	0	0	0	0	0	0	0	7	0	0	0	0	0	0	0	0	0	0	0	0	0	6	0	0	0	0	0	20	1	0	0	0	12	0	0	1	0	0	0	0	0	0	0	0	0	0	0	0	2	0	0	0	0	0	1	0	0
"Yasht7"	0	0	1	5	0	0	0	0	0	19	0	0	0	0	0	0	0	0	0	0	0	0	0	2	0	1	0	0	0	0	0	0	0	0	0	0	0	0	0	0	0	0	4	40	0	0	1	0	0	3	1	0	0	1	0	0	2	4	0	0	0	17	0	0	1	2	0	0	0	2	0	0	0	0	0	0	0	0	0	0	0	0	0	9	0	0
"Yasht8"	0	0	1	2	0	0	0	0	1	10	0	0	0	0	0	0	0	0	0	0	0	0	0	0	0	0	0	0	0	0	0	0	0	0	0	0	0	0	0	0	0	0	0	1	0	0	0	0	0	1	22	0	0	0	0	0	0	3	15	1	0	16	0	0	0	0	0	0	0	0	0	0	0	0	0	0	0	0	0	0	0	0	0	0	0	0
"Yasht9"	0	0	0	2	0	0	0	0	0	0	0	0	0	0	0	0	0	0	0	0	0	0	0	0	0	0	0	0	0	0	0	0	0	0	0	0	2	0	0	0	0	0	0	0	0	0	0	0	0	0	8	0	0	0	0	0	20	1	0	0	0	0	0	0	0	0	0	0	0	0	0	0	0	0	0	0	0	0	0	0	0	0	0	0	0	0
"Yasht10"	0	0	0	1	0	0	0	0	0	0	0	0	0	0	0	0	0	0	0	0	0	0	0	0	0	3	1	0	0	0	0	0	0	0	0	0	0	0	0	0	0	0	0	7	0	0	0	2	0	8	3	0	0	0	0	0	2	8	4	0	0	10	0	0	5	0	0	0	0	0	0	0	0	0	0	0	0	0	0	0	0	0	0	1	0	0
"Cholol1"	0	0	1	0	0	0	0	0	0	4	0	0	0	0	0	0	0	0	0	0	3	0	0	0	0	0	0	0	0	0	0	0	0	0	0	0	0	0	0	0	0	0	0	0	0	1	0	0	0	0	15	0	0	2	0	0	0	17	0	0	0	0	0	29	0	0	0	2	0	0	1	0	0	0	0	0	0	0	0	0	0	0	0	0	0	0
"Cholol2"	0	0	0	0	0	0	0	0	13	19	33	0	0	0	0	0	0	0	0	0	0	0	0	1	0	6	0	0	0	0	0	0	0	0	0	0	0	0	0	0	0	0	0	9	0	0	0	0	0	0	0	0	0	0	0	0	0	17	0	0	0	0	2	2	0	0	0	0	1	0	3	0	0	0	0	0	0	0	0	0	0	0	0	1	0	0
"Cholol3"	0	0	0	0	0	0	0	0	10	19	0	0	0	0	0	0	0	0	0	0	0	0	0	0	0	0	0	0	0	0	16	0	0	0	0	0	0	0	2	0	0	0	1	0	0	0	0	0	0	0	0	0	0	0	0	0	0	15	0	0	0	0	16	0	0	0	1	2	2	0	1	0	0	0	0	0	0	0	0	0	0	3	0	2	0	0
"Cholol4"	0	0	0	0	0	0	0	0	19	5	0	3	0	0	0	0	0	0	0	0	0	0	0	0	0	0	0	1	0	0	11	2	0	0	0	0	3	0	11	0	0	0	1	0	0	7	0	0	5	1	6	0	0	0	0	1	2	0	0	0	0	0	9	0	0	0	1	3	1	0	4	0	0	0	0	0	0	0	0	0	0	0	0	0	0	0
"Cholol5"	0	0	0	0	0	0	0	0	15	23	0	2	0	0	0	0	0	0	0	0	0	0	0	0	0	2	1	0	0	5	1	0	0	0	0	0	2	0	1	0	0	0	7	0	0	0	0	0	12	0	0	0	0	0	0	0	0	0	0	0	0	0	27	1	0	0	0	1	0	0	1	0	0	0	0	0	0	0	0	0	0	0	0	2	0	0
"Cholol6"	0	0	0	0	0	0	1	0	20	39	0	1	2	0	0	0	0	0	0	0	1	0	0	0	0	3	2	1	0	0	0	0	0	0	0	0	3	0	20	0	0	0	1	0	0	13	0	0	1	1	0	0	0	0	0	0	0	0	0	0	0	0	0	0	0	0	1	4	0	0	4	0	0	0	0	0	0	0	0	0	0	0	0	10	0	0
"Cholol7"	23	0	3	7	0	0	0	0	4	0	0	0	22	0	0	0	0	0	0	0	0	0	0	0	0	8	19	0	0	0	0	0	0	0	0	0	0	0	0	0	0	0	0	0	0	0	0	0	0	20	0	0	0	0	0	0	0	0	1	0	0	0	0	0	0	0	0	0	0	0	2	0	0	0	0	0	0	0	0	0	0	0	0	2	0	0
"Cholol8"	0	0	0	0	0	0	0	0	31	17	0	0	0	0	0	0	0	0	0	0	0	0	0	0	0	5	0	0	0	7	0	2	0	0	0	0	0	0	16	0	0	0	0	0	0	6	0	0	0	0	0	0	0	0	0	0	0	0	0	0	0	0	25	0	0	0	6	1	0	0	8	0	0	0	0	0	0	0	0	0	0	0	0	0	0	0
"Cholol9"	0	0	0	0	0	0	0	0	18	4	0	16	1	0	0	0	0	0	0	0	0	0	0	0	0	15	1	0	0	0	0	0	0	0	0	0	0	0	0	0	0	0	0	0	0	1	0	0	0	3	1	0	0	0	0	0	0	0	0	0	0	0	18	2	0	0	10	4	0	0	8	0	0	0	0	0	0	0	0	0	1	0	0	0	0	0
"Cholol10"	0	0	0	0	0	0	0	0	5	1	0	14	5	0	0	0	0	0	0	0	0	0	0	0	0	2	2	0	0	7	0	3	0	0	0	0	0	0	0	0	0	0	0	1	0	1	0	0	0	1	0	0	0	0	0	0	0	0	0	0	0	0	53	0	0	0	2	1	0	0	4	0	0	0	0	0	0	0	0	0	0	0	0	1	0	0
"BVista1"	0	0	0	0	0	0	0	0	22	28	0	0	0	0	0	0	0	0	0	0	0	0	0	0	0	0	6	0	0	0	0	1	0	0	0	0	0	0	0	0	0	0	3	0	0	0	0	0	0	0	1	0	0	1	0	0	40	11	0	0	0	0	0	0	0	2	1	0	0	0	0	0	0	0	0	0	0	0	0	0	0	0	0	0	0	0
"BVista2"	0	0	1	0	0	0	0	0	6	46	0	0	0	0	0	0	0	0	0	0	0	0	0	1	0	0	6	0	0	1	0	0	0	0	0	0	0	0	0	0	0	0	1	0	0	0	0	0	0	26	0	0	0	0	0	1	3	15	0	0	0	0	0	0	0	2	1	0	0	0	0	0	0	0	0	0	0	0	0	0	0	0	0	0	0	0
"BVista3"	0	0	0	0	0	0	0	0	10	4	0	0	0	0	0	0	0	0	0	0	0	0	0	1	0	0	0	0	0	0	0	0	0	0	0	0	2	0	0	0	0	0	0	0	0	0	0	0	0	4	4	0	0	1	0	12	3	3	0	0	0	0	0	0	0	0	10	0	0	0	1	0	0	0	0	0	0	0	0	0	3	0	0	0	0	0
"BVista4"	0	0	0	0	0	0	0	0	4	14	0	0	7	0	0	0	0	0	0	0	0	0	0	0	0	0	2	0	0	0	0	0	0	0	0	0	0	0	0	0	0	0	1	15	0	0	0	0	0	10	3	0	0	1	0	0	0	5	0	0	0	0	0	0	0	0	6	0	7	0	4	0	0	0	0	0	0	0	0	0	0	0	0	6	0	0
"BVista5"	1	0	0	0	0	0	0	0	14	22	0	0	0	0	0	0	0	0	0	0	0	0	0	0	0	0	2	0	0	0	0	1	0	0	0	0	0	0	0	0	0	0	1	10	0	0	0	0	0	19	8	0	0	0	0	1	10	2	0	0	0	0	0	3	0	0	1	0	3	0	6	0	0	0	0	0	0	0	0	0	0	0	0	0	0	0
"BVista6"	7	0	1	0	0	0	0	0	0	2	0	0	1	0	0	0	0	0	0	0	0	0	0	0	0	2	7	0	0	0	0	0	0	0	0	0	0	0	0	0	0	0	0	0	0	0	0	0	0	18	16	0	0	3	0	2	3	7	0	0	0	0	0	0	0	0	1	0	0	0	0	0	0	0	0	0	0	0	0	0	1	0	0	1	0	0
"BVista7"	0	0	0	0	0	0	0	0	0	0	0	1	1	0	0	0	0	0	0	0	0	0	0	0	0	2	0	0	0	0	0	0	0	0	0	0	0	0	0	0	0	0	0	0	0	0	0	0	0	18	18	0	0	0	0	2	14	9	0	0	0	0	0	2	0	0	0	0	0	0	0	0	0	0	0	0	0	0	0	0	0	0	0	0	0	0
"BVista8"	0	0	1	0	0	0	1	0	2	7	0	0	0	0	0	0	0	0	0	0	0	0	0	0	0	0	0	0	0	0	0	0	0	0	0	0	3	0	0	0	0	0	0	0	0	0	0	0	0	6	6	0	0	0	0	0	14	21	0	0	0	0	0	41	0	0	0	0	0	0	0	0	0	0	0	0	0	0	0	0	0	0	0	0	0	0
"BVista9"	0	0	0	0	0	0	0	0	0	0	0	0	0	0	0	0	0	0	0	0	0	0	0	0	0	0	0	0	0	0	0	0	0	0	0	0	0	0	0	0	0	0	0	0	0	0	0	0	0	0	14	0	0	0	0	7	29	14	0	0	0	0	0	21	0	0	0	1	0	0	0	0	0	0	0	0	0	0	0	0	0	0	0	0	0	0
"BVista10"	0	0	0	0	0	0	0	0	0	17	0	1	0	0	0	0	0	0	0	0	0	0	0	0	0	0	1	0	0	0	0	0	0	0	0	0	0	0	0	0	0	0	0	0	0	1	0	0	0	7	13	0	0	0	0	0	32	2	0	0	0	0	0	1	0	3	0	0	0	0	0	0	0	0	0	0	0	0	0	0	0	0	0	4	0	0
"SJTunas1"	0	0	0	0	0	0	0	0	0	0	0	0	0	0	0	0	0	0	0	0	0	0	0	0	0	0	0	0	33	0	0	0	0	0	0	0	0	0	0	0	0	0	0	0	0	0	0	0	0	19	0	0	0	0	0	0	0	3	0	0	0	0	0	6	0	0	0	0	0	0	0	0	0	0	0	0	0	0	0	0	0	0	0	0	0	0
"SJTunas2"	0	0	0	0	0	0	0	0	0	0	0	0	0	0	0	0	0	0	0	0	0	0	0	0	0	0	0	0	4	0	0	0	0	0	0	0	0	0	0	0	0	0	0	0	0	0	0	0	0	1	0	0	0	0	0	0	0	3	0	0	0	0	0	23	0	0	0	0	0	0	0	0	0	0	0	0	0	0	0	0	0	0	0	0	0	0
"SJTunas3"	0	0	0	0	0	0	0	0	0	0	0	0	0	0	0	0	0	0	0	0	0	0	0	0	0	0	0	0	1	0	0	0	0	0	0	0	0	0	0	0	0	0	0	0	0	0	0	0	0	2	0	0	0	0	0	0	0	5	0	0	0	0	0	65	0	0	0	0	0	0	0	0	0	0	0	0	0	0	0	0	0	0	0	0	0	0
"SJTunas4"	0	0	9	0	0	0	0	0	0	0	0	0	0	0	0	0	0	0	0	0	0	0	0	0	0	0	0	0	30	0	0	0	0	0	0	0	0	0	0	0	0	0	0	0	0	0	0	0	0	25	0	0	0	0	0	0	0	6	0	0	0	0	0	19	0	0	0	0	0	0	0	0	0	0	0	0	0	0	0	0	1	0	0	0	0	0
"SJTunas5"	0	0	1	0	0	0	0	0	0	0	0	0	0	0	0	0	0	0	0	0	1	0	0	0	0	1	0	0	0	0	0	0	0	0	0	0	0	0	0	0	0	0	0	0	0	0	0	0	0	1	0	0	0	0	0	0	0	5	0	0	0	0	0	53	0	0	0	0	0	0	0	0	0	0	0	0	0	0	0	0	2	0	0	0	0	0
"SJTunas6"	0	0	1	0	0	0	0	0	0	0	0	0	0	0	0	0	0	0	0	0	0	0	0	0	0	0	0	0	0	0	0	0	0	0	0	0	0	0	0	0	0	0	0	0	0	0	0	0	0	46	0	0	0	0	0	0	0	14	0	0	0	0	0	18	0	0	0	0	0	0	0	0	0	0	0	0	0	0	0	0	0	0	0	0	0	0
"SJTunas7"	0	0	0	0	0	0	0	0	0	0	0	0	0	0	0	0	0	0	0	0	0	0	0	0	0	0	0	0	0	0	0	0	0	0	0	0	0	0	0	0	0	0	0	0	0	0	0	0	0	6	0	0	0	0	0	0	0	26	0	0	0	0	0	61	0	0	0	0	0	0	0	0	0	0	0	0	0	0	0	0	0	0	0	0	0	0
"SJTunas8"	0	0	0	0	0	0	0	0	0	0	0	0	0	0	0	0	0	0	0	0	0	0	0	0	0	0	0	0	8	0	0	2	0	0	0	0	0	0	0	0	0	0	0	0	0	0	0	0	0	3	0	0	0	0	0	0	0	36	0	0	0	0	0	17	0	0	0	0	0	0	0	0	0	0	0	0	0	0	0	0	15	0	0	0	0	0
"SJTunas9"	0	0	0	0	0	0	0	0	0	0	0	0	0	0	0	0	0	0	0	0	0	0	0	0	0	0	0	0	6	0	0	0	0	0	0	0	0	0	0	0	0	0	0	0	0	0	0	0	0	9	0	0	0	0	0	0	0	7	0	0	0	0	0	4	0	0	0	0	0	0	0	0	0	0	0	0	0	0	0	0	8	0	0	0	0	0
"SJTunas10"	0	0	0	0	0	0	0	0	0	0	0	0	0	0	0	0	0	0	0	0	2	0	0	0	0	0	0	0	17	0	0	0	0	0	0	0	0	0	0	0	0	0	0	0	0	0	0	0	0	0	0	0	0	0	0	0	0	5	0	0	0	0	0	20	0	0	0	0	0	0	0	0	0	0	0	0	0	0	0	0	1	0	0	0	0	0
"Cruzto1"	0	0	0	0	0	0	0	0	17	7	0	0	0	0	0	0	0	0	0	0	0	0	0	0	0	0	0	0	0	0	19	0	0	0	0	0	1	0	18	0	0	0	0	1	0	2	0	0	2	1	0	0	0	0	0	0	0	5	0	0	0	0	0	22	0	0	2	1	0	0	1	0	0	0	0	0	0	0	0	0	0	2	0	0	0	0
"Cruzto2"	0	0	0	0	0	0	0	0	6	11	0	0	0	0	0	0	0	0	0	0	0	0	0	0	0	0	0	0	0	0	0	0	0	0	0	0	0	0	0	0	0	0	0	3	0	0	0	0	0	3	0	0	0	0	0	0	0	18	0	0	0	0	0	16	0	0	0	0	0	0	0	0	0	0	0	0	0	0	0	0	0	0	0	0	0	0
"Cruzto3"	0	0	0	0	0	0	0	0	5	1	0	0	12	0	0	0	0	0	0	0	1	0	0	0	0	1	0	0	0	0	0	0	0	0	0	0	0	0	0	0	0	0	0	1	0	4	0	0	16	4	0	0	0	0	0	0	0	4	0	0	0	0	0	13	0	0	0	0	0	0	0	0	0	0	0	0	0	0	0	0	1	0	0	0	0	0
"Cruzto4"	0	0	0	0	0	0	0	0	2	1	0	0	0	0	0	0	0	0	0	0	0	0	0	0	0	0	0	0	0	0	0	0	0	0	0	0	0	0	0	0	0	0	0	0	0	0	0	0	0	0	0	0	0	0	0	0	0	22	0	0	0	0	0	30	0	0	0	0	0	0	0	0	0	0	0	0	0	0	0	0	0	0	0	0	0	0
"Cruzto5"	0	0	0	0	0	0	0	0	10	1	0	0	10	0	0	0	0	0	0	0	0	0	0	0	0	0	0	0	0	0	0	0	0	0	0	0	0	0	0	0	0	0	24	1	2	1	0	0	0	0	0	0	0	0	0	0	0	29	0	0	0	0	3	0	0	0	14	1	0	0	0	0	0	0	0	0	0	0	0	0	0	0	0	6	0	0
"Cruzto6"	0	0	0	0	0	0	0	0	13	1	0	5	5	0	0	0	0	0	0	0	0	0	0	1	0	2	0	0	0	1	0	0	0	0	0	0	0	0	0	0	0	0	6	2	0	2	0	0	6	0	2	0	0	0	0	0	0	3	0	0	0	0	0	0	0	0	4	1	0	0	3	0	0	0	0	0	0	0	0	0	0	0	0	5	0	0
"Cruzto7"	0	0	0	0	0	0	0	0	13	24	0	0	0	0	0	0	0	0	0	0	0	0	0	0	0	0	4	0	0	1	0	0	0	0	0	0	0	0	1	0	0	0	0	3	2	0	0	0	1	4	0	0	0	1	0	0	0	6	0	0	0	0	8	1	0	0	0	13	5	0	3	0	0	0	0	0	0	0	0	0	0	0	0	4	0	0
"Cruzto8"	0	0	1	0	0	0	0	0	1	2	0	0	0	0	0	0	0	0	0	0	1	0	0	0	0	0	0	0	0	0	0	0	0	0	0	0	0	0	0	0	0	0	0	1	0	0	0	0	3	6	0	0	0	1	0	0	0	21	0	0	0	0	0	26	0	0	0	0	4	0	0	0	0	0	0	0	0	0	0	0	0	0	0	0	0	0
"Cruzto9"	0	0	0	0	0	0	0	0	61	4	0	0	1	0	0	0	0	0	0	0	0	0	0	0	0	2	0	0	0	1	0	0	0	0	0	0	0	0	20	0	0	0	2	0	0	2	0	0	0	0	0	0	0	0	0	0	0	0	0	0	0	0	7	0	0	0	10	1	0	0	3	0	0	0	0	0	0	0	0	0	0	0	0	8	0	0
"Cruzto10"	0	0	1	0	0	0	0	0	0	0	0	0	9	0	0	0	0	0	0	0	17	0	0	0	0	0	0	0	0	0	0	0	0	0	0	0	0	0	0	0	0	0	0	0	0	0	0	0	3	0	0	0	0	0	0	0	0	17	0	0	0	0	2	23	0	0	0	0	0	0	6	0	0	0	0	0	0	0	0	0	0	0	0	0	0	0
"Naven1"	8	0	22	0	0	0	0	0	0	0	0	0	0	0	0	0	0	0	0	0	0	0	0	0	0	0	0	0	0	0	0	0	0	0	0	0	0	0	0	0	0	0	0	0	0	0	0	0	0	0	0	0	0	0	0	0	22	0	0	0	0	5	0	0	0	0	0	0	0	0	0	0	0	0	0	0	0	0	0	0	0	0	0	0	0	0
"Naven2"	0	0	21	0	0	0	0	0	0	0	0	0	0	0	0	0	0	0	0	0	0	0	0	0	0	0	0	0	0	0	0	0	0	0	0	0	0	0	0	0	0	0	0	0	0	0	0	0	0	1	0	0	0	0	0	0	28	0	0	0	0	8	0	0	0	0	0	0	0	0	1	0	0	0	0	0	0	0	0	0	0	0	0	0	0	0
"Naven3"	3	0	5	1	0	0	0	0	0	2	0	1	0	0	0	0	0	0	0	0	0	0	0	0	0	0	0	0	0	0	0	0	0	0	0	0	0	0	0	0	0	0	0	5	0	0	0	0	0	0	1	0	0	0	0	0	20	0	1	0	0	22	0	0	0	0	0	0	0	0	0	0	0	0	0	0	0	0	0	0	0	0	0	9	0	0
"Naven4"	0	0	1	3	0	0	0	0	0	1	0	0	0	0	0	0	0	0	0	0	0	0	0	0	0	0	0	0	0	0	0	0	0	0	0	0	0	0	0	0	0	0	0	10	0	0	0	0	0	0	0	0	0	0	0	0	8	0	7	0	0	20	0	0	0	0	0	0	0	0	1	0	0	0	0	0	0	0	0	0	0	0	0	0	0	0
"Naven5"	3	0	4	1	0	0	0	0	0	1	0	0	0	0	0	0	0	0	0	0	0	0	0	0	0	0	0	0	0	1	0	0	0	0	0	0	5	0	0	0	0	0	0	0	0	0	0	0	0	0	3	0	0	0	0	0	10	0	2	0	0	18	0	0	0	0	0	0	0	0	0	0	0	2	0	0	0	0	0	0	1	0	0	0	0	0
"Naven6"	0	0	5	3	0	0	0	0	1	0	0	0	0	0	0	0	0	0	0	0	0	0	0	0	0	0	0	0	0	0	0	0	0	0	0	0	3	0	0	0	0	0	0	0	0	0	0	0	0	1	0	0	0	0	0	0	44	0	8	0	0	35	0	0	1	0	0	0	0	0	0	0	0	3	0	0	0	0	0	0	0	0	0	0	0	0
"Naven7"	1	0	20	0	0	0	0	0	0	0	0	0	0	0	0	0	0	0	0	0	0	0	0	0	0	0	0	0	0	0	0	0	0	0	0	0	0	0	0	0	0	0	0	0	0	0	0	0	0	4	2	0	0	0	0	0	11	0	0	0	0	4	0	0	0	0	0	0	0	0	1	0	0	0	0	0	0	0	0	0	0	0	0	0	0	0
"Naven8"	0	0	25	0	0	0	0	0	0	0	0	0	0	0	0	0	0	0	0	0	0	0	0	0	0	0	0	0	0	0	0	0	0	0	0	0	0	0	0	0	0	0	0	0	0	0	0	0	0	0	1	0	0	0	0	6	23	0	1	0	0	5	0	0	0	0	0	0	1	0	0	0	0	0	0	0	0	0	0	0	0	0	0	0	0	0
"Naven9"	0	0	17	1	0	0	0	0	0	0	0	0	0	0	0	0	0	0	0	0	0	0	0	0	0	0	1	0	0	0	0	0	0	0	0	0	0	0	0	0	0	0	0	0	0	0	0	0	0	0	4	0	0	0	0	0	14	0	0	0	1	8	0	0	0	0	0	0	0	0	0	0	0	0	0	0	0	0	0	0	0	0	0	0	0	0
"Naven10"	0	0	3	2	0	0	0	0	0	0	0	0	0	0	0	0	0	0	0	0	0	0	0	0	0	0	0	0	0	0	0	0	0	0	0	0	0	0	0	0	0	0	0	11	0	0	0	0	0	12	3	0	0	0	0	0	7	0	2	0	0	5	0	0	0	0	0	0	0	0	0	0	0	0	0	0	0	0	0	0	0	0	0	0	0	0
"Barre1"	0	12	0	0	0	0	11	0	0	0	0	0	0	0	0	0	0	0	0	0	0	0	0	0	0	6	0	0	0	0	0	0	0	0	0	0	0	29	0	0	0	0	2	0	1	0	0	0	0	0	0	0	0	0	0	0	0	0	0	0	0	0	0	0	0	10	0	0	0	0	0	10	0	0	0	0	0	0	19	0	2	0	0	0	0	0
"Barre2"	0	0	0	0	0	0	1	0	0	0	0	0	0	0	0	0	0	0	0	0	6	0	0	0	0	0	0	0	0	0	0	0	0	0	0	0	0	5	0	0	0	0	3	12	0	0	0	0	0	0	0	0	0	0	0	0	0	3	0	0	4	0	0	4	0	2	0	0	0	0	1	5	0	0	0	0	18	0	10	0	1	0	0	0	0	0
"Barre3"	0	2	0	0	0	0	0	0	0	0	0	0	0	1	0	0	0	0	0	0	0	1	17	0	0	0	0	0	0	0	0	0	0	0	0	0	0	0	0	0	0	0	1	1	0	2	0	0	0	0	0	0	0	2	0	0	0	0	0	0	0	0	0	0	0	0	0	0	0	0	0	3	0	0	0	0	0	0	6	0	0	0	0	0	0	0
"Barre4"	0	2	0	0	0	0	0	0	0	0	0	0	0	0	0	0	0	0	0	0	0	14	9	0	0	0	0	0	0	0	0	0	0	0	0	0	0	0	0	0	0	1	0	2	6	0	0	0	0	0	0	0	0	0	0	0	0	1	0	0	1	0	0	1	0	1	0	0	0	0	0	0	0	0	0	0	0	0	4	0	0	0	0	0	0	0
"Barre5"	0	2	0	0	0	0	0	0	0	0	0	0	0	14	0	0	0	0	0	0	0	13	12	0	0	0	0	0	0	0	0	0	0	0	0	0	0	0	0	0	0	0	2	2	3	0	0	0	0	0	0	0	0	1	0	0	0	1	0	0	0	0	0	0	0	0	0	0	0	0	0	8	0	0	0	0	2	0	7	0	0	0	0	0	0	0
"Barre6"	0	2	0	0	0	0	0	0	0	0	0	0	0	0	0	0	0	3	0	0	2	0	0	0	0	0	0	0	0	0	0	0	0	0	0	0	0	0	0	0	0	0	0	0	0	0	0	0	0	0	0	0	0	2	0	0	0	5	0	0	7	0	0	4	0	9	0	0	0	0	0	5	0	0	0	0	5	0	30	0	1	0	0	0	0	0
"Barre7"	0	10	0	0	0	0	0	0	0	0	0	0	0	1	0	0	0	17	0	0	0	0	1	0	0	0	0	0	0	0	0	0	0	0	0	0	0	0	0	0	0	0	0	2	7	1	0	0	0	0	0	0	0	0	0	0	0	0	0	0	3	0	0	0	0	0	0	0	0	0	0	1	0	0	0	0	0	0	0	0	0	0	0	0	0	0
"Barre8"	0	1	0	0	0	0	0	0	0	0	0	0	0	0	0	0	0	0	0	0	7	0	3	0	0	0	0	0	0	0	0	0	0	0	0	0	0	0	0	0	0	0	0	0	0	0	0	0	0	0	0	0	0	1	0	0	0	7	0	0	0	0	0	20	0	6	0	0	0	0	0	4	0	0	0	0	1	0	1	0	3	0	0	0	0	0
"Barre9"	0	0	0	0	0	0	0	0	0	0	0	0	0	4	0	0	0	4	0	0	0	0	20	0	0	0	0	0	0	0	0	0	0	0	0	0	0	0	0	0	0	0	0	1	2	0	0	0	0	0	0	0	0	1	0	0	0	0	0	0	3	0	0	0	0	0	0	0	0	0	0	0	0	0	0	0	0	0	2	0	0	0	0	0	0	0
"Barre10"	0	0	0	0	0	0	0	0	0	0	0	0	0	7	0	0	0	4	0	0	0	0	12	0	0	0	0	0	0	0	0	0	0	0	0	0	0	0	0	0	0	0	0	0	1	0	0	0	0	0	0	0	0	0	0	0	0	0	0	0	2	0	0	0	0	0	0	0	0	0	0	0	0	0	0	0	0	0	0	0	0	0	0	0	0	0
