"Site" "peak_colony" "Prop_imp100" "Prop_flow100" "Prop_domesticinfrastructure100" "Prop_open100" "Prop_tree100" "Prop_ag100" "Prop_gard100" "Prop_road100" "Prop_imp250" "Prop_flow250" "Prop_domesticinfrastructure250" "Prop_open250" "Prop_tree250" "Prop_ag250" "Prop_gard250" "Prop_road250" "Prop_imp500" "Prop_flow500" "Prop_domesticinfrastructure500" "Prop_open500" "Prop_tree500" "Prop_ag500" "Prop_gard500" "Prop_road500" "Prop_imp750" "Prop_flow750" "Prop_domesticinfrastructure750" "Prop_open750" "Prop_tree750" "Prop_ag750" "Prop_gard750" "Prop_road750"
"MY" 2822 0 0.59318521 0 0.59318521 0.40681479 0.59318521 0 0.00016581 0 0.490363803 0 0.595358435 0.404641565 0.595358435 0 0 0.00641708 0.423016592 0.008224475 0.837742382 0.159846653 0.823843682 0.00200969 0.004006115 0.037436363 0.376835412 0.042114619 0.876471351 0.112051151 0.82932326 0.007189833 0.025958866
"AD" 4 0.430403998 0.326364015 0.852561433 0.654727197 0.147438567 0 0.326364015 0.001915868 0.438887852 0.260389732 0.843974089 0.649761416 0.156025911 0 0.258310452 0.244675179 0.398159194 0.23753524 0.774511307 0.61455716 0.200615823 0 0.231333684 0.213135568 0.427677324 0.24789364 0.773474305 0.605408335 0.199719498 0 0.219185832 0.231110887
"AI" 1 0.144278198 0 0.19656363 0.159322591 0.80343637 0 0 0.001150937 0.080041566 0.03542349 0.256882785 0.248608974 0.721952567 0 0.03542349 0.035594491 0.063510594 0.035578166 0.181777823 0.210407411 0.763570773 0 0.027320769 0.031516881 0.065304416 0.056847961 0.177421877 0.200620861 0.76845593 0 0.050209658 0.029846056
"AN" 1 0.718744784 0.210983141 0.929727925 0.445501586 0.070272075 0 0.210983141 0.001001502 0.678567569 0.187203141 0.879010298 0.483128539 0.120989702 0 0.187203141 0.282685809 0.653031042 0.169700268 0.848094039 0.464408047 0.151905961 0 0.151415198 0.269345049 0.595020157 0.157274129 0.829466865 0.506535283 0.167221351 0 0.111557562 0.268376172
"BA" 1 0.654649115 0.250440178 0.884715352 0.462144714 0.115284648 0 0.230066236 0.001006121 0.665982452 0.268440259 0.921154311 0.503179586 0.077960235 0 0.255171859 0.24556602 0.640848566 0.155381519 0.835894684 0.483199732 0.160224719 0 0.151450612 0.271735704 0.651497602 0.149457619 0.855677741 0.502421594 0.141442283 0 0.146690935 0.286192365
"BL" 1 0.739337682 0.074510788 0.846462619 0.515052684 0.153537381 0 0.061548754 0.002007025 0.658433791 0.090378775 0.786944247 0.49015935 0.213055753 0 0.073493799 0.35106568 0.656467739 0.087672644 0.770305031 0.473107813 0.218659789 0 0.0431138 0.321826508 0.635390172 0.06389764 0.753392117 0.518773037 0.181200487 0 0.025606357 0.260696957
"BS" 54 0.059070687 0.183473389 0.239907728 0.495468776 0.485829626 0.274262646 0.183473389 0.001565332 0.086606284 0.066157761 0.236878535 0.637173859 0.337459953 0.420902055 0.059447059 0.036678137 0.053049121 0.06880194 0.168137363 0.69230144 0.289699055 0.538125398 0.056280969 0.027200843 0.0482482 0.056971349 0.138650563 0.644223847 0.338315369 0.52032094 0.046527326 0.025401718
"BG" 3 0.633461474 0.230569948 0.904562928 0.619839545 0.095437072 0 0.230569948 0.001838543 0.540082639 0.196608855 0.780765682 0.513579289 0.219234318 0 0.194068171 0.095623337 0.499959884 0.154633041 0.745980062 0.539276712 0.2046073 0 0.141545261 0.144751182 0.4659539 0.146566863 0.706841015 0.546839945 0.210947645 0 0.128295035 0.128121202
"BR" 3 0.616237393 0.241810453 0.860465116 0.575977328 0.139534884 0 0.241810453 0.002167208 0.517730686 0.241628102 0.760772442 0.508955363 0.239227558 0 0.238374031 0.265913607 0.46116042 0.330704907 0.812790488 0.586354634 0.187209512 0 0.251231971 0.226069097 0.431422902 0.32453074 0.803465716 0.617216847 0.164920818 0 0.234961228 0.208351918
"CA" 1 0.676416513 0.20282467 0.893197393 0.574962393 0.106802607 0 0.134046465 0.002339963 0.645121185 0.156424208 0.845353796 0.512827026 0.154646204 0 0.138951646 0.294600484 0.662241784 0.117566849 0.835377001 0.51981338 0.163363044 0 0.108132225 0.333687591 0.683652659 0.088320527 0.810330922 0.496161107 0.18126347 0 0.073817548 0.351374916
"CL" 1 0.603000335 0.318052296 0.921052632 0.482735501 0.078947368 0 0.318052296 0.001173315 0.653895668 0.216776183 0.923508113 0.53741451 0.076491887 0 0.216682312 0.267802065 0.701222722 0.13624614 0.916290329 0.539103963 0.083709671 0 0.128870248 0.322229263 0.707701844 0.132484179 0.912106858 0.528527088 0.086039467 0 0.116648959 0.309417836
"DE" 3027 0.032220658 0.338772467 0.032220658 0.905657252 0.094342748 0.873436594 0 0.000414147 0.017320664 0.434381585 0.017320664 0.961223976 0.038776024 0.943903312 0 0.017320664 0.00880942 0.475314409 0.008812733 0.945901085 0.054098915 0.937088353 0 0.00880942 0.01037056 0.295293712 0.016777249 0.950129135 0.048710564 0.934512188 0.001927455 0.008108856
"DH" 23 0.364420843 0.539993362 0.904331231 0.714072353 0.095668769 0 0.538001991 0.003153004 0.316780413 0.403590302 0.724194705 0.730421967 0.114918873 0.160859867 0.401904028 0.162121252 0.193311681 0.24727348 0.483210366 0.749766322 0.150509675 0.35802602 0.238188895 0.093587678 0.147049669 0.158684008 0.370592131 0.766016577 0.171399617 0.43430441 0.136886033 0.083828608
"FI" 9 0.405436958 0.288108739 0.660773849 0.453802535 0.291277518 0 0.174199466 0.002501668 0.244934168 0.231874391 0.485692942 0.504155383 0.347491429 0.121713379 0.215893174 0.083174366 0.118118849 0.084896568 0.179267589 0.498570995 0.441364108 0.247979884 0.065287352 0.05424216 0.073556353 0.044183909 0.106763206 0.520102864 0.439710678 0.252341851 0.033667813 0.030183198
"FR" 103 0.000415144 0.232065759 0.000415144 0.687645301 0.312354699 0.424111591 0 0.001079376 0.073217394 0.112742298 0.039086477 0.726248522 0.237295567 0.40352602 0 0.036761482 0.040259607 0.060191782 0.030670506 0.724101624 0.263519236 0.539849404 0 0.027880467 0.025628837 0.046890985 0.03091079 0.658079926 0.333135026 0.542832089 0.008678759 0.01684379
"GR" 5 0.569238502 0.396330736 1 0.837228784 0 0 0.396330736 0.001089051 0.474439738 0.3880549 0.920035385 0.738138001 0.074496033 0 0.3880549 0.285532383 0.503112937 0.276170116 0.86977938 0.676170786 0.124370041 0 0.276170116 0.299897464 0.485934905 0.235725295 0.840766361 0.667465394 0.129201695 0.027142825 0.235725295 0.276936938
"HA" 68 0.129431162 0.129925804 0.235119538 0.506924979 0.422093982 0.267518549 0.111788953 0.002638087 0.039308798 0.035958317 0.074647144 0.621250495 0.357894737 0.483907136 0.030088379 0.01845403 0.011175708 0.011947356 0.019327479 0.671551573 0.321886119 0.621506561 0.00771978 0.004613401 0.010105437 0.015604436 0.020543568 0.662875601 0.330228666 0.624773928 0.011530017 0.003209704
"HE" 4 0.481762159 0.418471019 0.900233178 0.636575616 0.068704197 0 0.418471019 0.001998668 0.498667413 0.406692252 0.896964367 0.663748301 0.09662589 0 0.394539058 0.258401962 0.460930316 0.359762923 0.894548168 0.699353003 0.092705127 0 0.298201602 0.226948653 0.500254289 0.34471679 0.89684459 0.676413677 0.090838324 0 0.283746695 0.250361417
"HY" 134 0.248974466 0.124738384 0.373043114 0.752030138 0.143407283 0.483549602 0.121724571 0.001339473 0.232754349 0.162700379 0.383254543 0.831621379 0.061724096 0.55502136 0.13946512 0.118252066 0.196025191 0.250250267 0.402918164 0.838643904 0.064644219 0.528664361 0.140189701 0.093400652 0.17954838 0.261406942 0.362107064 0.821598899 0.084816785 0.53471225 0.116433168 0.079367583
"HL" 113 0.147784889 0.440861109 0.588729116 0.724794281 0.201147037 0.210123847 0.434710332 0.001911728 0.140144608 0.172062893 0.290975401 0.714405948 0.226220686 0.428722631 0.147783063 0.076027493 0.078950497 0.125690115 0.178128962 0.764248072 0.207255785 0.5990695 0.092567889 0.048734018 0.045899556 0.071042346 0.121854011 0.770982496 0.213388602 0.653258854 0.04998707 0.029205181
"LA" 282 0 0 0 0.817581131 0.182418869 0.817581131 0 0.0004182 0 6.69e-05 0 0.949267992 0.050732008 0.949267992 0 0 0.079688059 0.018347089 0.08352877 0.833548007 0.16336738 0.74180587 0.003840711 0.076603447 0.131017717 0.049270298 0.172285457 0.732284565 0.24008862 0.556110834 0.0362851 0.103390902
"LE" 4 0.302661216 0.273379494 0.694168683 0.543922583 0.305831317 0 0.273379494 0.001418203 0.342320218 0.239536063 0.72162458 0.550758102 0.264961828 0 0.238681864 0.149858523 0.262575574 0.171526953 0.648998358 0.530479667 0.346213648 0 0.145231359 0.13349994 0.253798518 0.129535162 0.618635648 0.546915363 0.327233066 0 0.09481539 0.121284156
"MA" 16 0.37196607 0.345595028 0.735197783 0.82808432 0.026203074 0.238599143 0.309313849 0.001511716 0.388290939 0.332150871 0.739777751 0.704505449 0.141855122 0.107214362 0.221510058 0.23465151 0.265546952 0.208555737 0.493286753 0.639429618 0.260111859 0.13745948 0.170106989 0.160822318 0.157339588 0.13095135 0.324973201 0.638547579 0.300654219 0.221270039 0.108628469 0.094413905
"MS" 11 0.039736191 0 0.039736191 0.381945589 0.618054411 0.315828524 0 0.000494641 0.044598926 0.004023269 0.048411139 0.301349444 0.681027319 0.167592238 0.003812212 0.026975689 0.032835378 0.043091281 0.069334521 0.374376731 0.608979686 0.209510619 0.039295607 0.015288221 0.028135036 0.03778762 0.079234187 0.452769508 0.534922055 0.298184458 0.032467113 0.013662028
"OC" 2 0.53889769 0.289001918 0.827899608 0.471024764 0.172100392 0 0.289001918 0.001000584 0.58446532 0.246203731 0.830669051 0.501427771 0.169330949 0 0.246203731 0.25522404 0.574255444 0.176254937 0.793258967 0.497341348 0.206741033 0 0.173302733 0.256865126 0.571299585 0.186871008 0.790894481 0.486764854 0.209105519 0 0.18183759 0.248840609
"PA" 3 0.490733011 0.190933378 0.691517783 0.442227417 0.308482217 0 0.190933378 0.002421105 0.521729256 0.136854902 0.717953856 0.551494262 0.251960509 0 0.092608179 0.301951826 0.399849709 0.224757865 0.765222764 0.611498898 0.209441587 0 0.081136865 0.206980162 0.366852654 0.273434357 0.787344831 0.624037963 0.189039351 0 0.081637106 0.168641578
"PR" 403 0 0.016908413 0 0.54620804 0.45379196 0.475341898 0 0.000580191 0 0.009136356 0 0.816145757 0.183854243 0.792873908 0 0 0.001935999 0.013479064 0.005241121 0.881781385 0.11772467 0.853371258 0.001438739 0.001442054 0.045755447 0.039990158 0.062867145 0.797298432 0.186759725 0.682086938 0.008824002 0.029602913
"PU" 2 0.62450133 0.206698803 0.825548537 0.548287899 0.174451463 0 0.201047207 0.002077793 0.503124751 0.259660133 0.76180092 0.534558413 0.23819908 0 0.258676169 0.275882243 0.493610755 0.266599738 0.762351322 0.535336981 0.2362957 0 0.266353742 0.265243436 0.471937072 0.263158284 0.746951994 0.528396835 0.248280233 0 0.263048951 0.244085716
"RI" 2 0.706478072 0.193337797 0.933126883 0.515902243 0.066873117 0 0.193337797 0.001590224 0.60608698 0.251004231 0.862420331 0.449627765 0.137579669 0 0.251004231 0.183720743 0.664197341 0.200397011 0.874389085 0.527265241 0.125610915 0 0.171344215 0.225633678 0.605580054 0.212814516 0.860126699 0.52669666 0.1315239 0 0.164854555 0.189316575
"RO" 1 0.652090301 0.136204013 0.788294314 0.425501672 0.210785953 0 0.136204013 0.001421405 0.653725233 0.078598472 0.734705072 0.412578431 0.183472246 0 0.075079936 0.170281082 0.750255861 0.057078832 0.828703301 0.477347068 0.128104619 0 0.055891501 0.306147363 0.735539819 0.072590763 0.815652016 0.451726065 0.161675169 0 0.064260699 0.311012807
"SO" 37 0.112074716 0.346814543 0.35948966 0.590226818 0.35248499 0.083472315 0.332138092 0.001917945 0.146765044 0.270868762 0.280605544 0.7198756 0.222595913 0.321908697 0.263796282 0.086246662 0.099150171 0.185559853 0.212349596 0.672024384 0.287636518 0.347332829 0.237827104 0.053149019 0.081571777 0.173043178 0.1749522 0.662506471 0.312627287 0.366843824 0.196737604 0.05284744
"SU" 1411 0 0.595947756 0 0.720110516 0.279889484 0.720110516 0 0.000251172 0.008171248 0.438059262 0.014333173 0.907892622 0.092107378 0.892702138 0 0.008171248 0.023572711 0.397521165 0.023602851 0.942503215 0.051401838 0.912735091 0.008037293 0.017477763 0.054832281 0.357399604 0.078680751 0.865489747 0.123903987 0.779902868 0.016672943 0.044226015
"SW" 3 0.339101498 0.279450915 0.619800333 0.394009983 0.380199667 0 0.279450915 0.001747088 0.459892977 0.249361056 0.716495394 0.505710559 0.283504606 0 0.227636974 0.247497471 0.433249898 0.338463689 0.772758742 0.571017262 0.216054108 0 0.256988224 0.219475825 0.418224607 0.342773422 0.796783684 0.597762306 0.194200751 0 0.26808697 0.20947618
"TH" 2 0.737768097 0.252010724 0.98977882 0.683394772 0.002178284 0 0.252010724 0.001759383 0.621753116 0.277013805 0.950784077 0.6287629 0.041616405 0 0.274065139 0.292132422 0.686411885 0.207795558 0.923297549 0.554340396 0.070202244 0 0.195636149 0.306451289 0.639370243 0.189913446 0.895402179 0.577198926 0.094057603 0 0.181511715 0.286025966
"TO" 3 0.426463232 0.374187094 0.807236952 0.519843255 0.192763048 0 0.374187094 0.002001001 0.406205397 0.271452773 0.771286033 0.568490136 0.228713967 0 0.271452773 0.2034095 0.454292003 0.244437404 0.826532382 0.603681718 0.173467618 0 0.241546055 0.231441339 0.446005813 0.256109075 0.788548273 0.581486691 0.202967868 0.007195865 0.244269616 0.226922467
"WL" 10 0.120013243 0.231832478 0.351845721 0.27967224 0.648154279 0 0.231832478 0.000496607 0.162347208 0.235925892 0.48126763 0.500536346 0.393174504 0.125557866 0.235925892 0.045966813 0.187889345 0.140360401 0.399021281 0.515117545 0.361190974 0.233162554 0.123574893 0.061674747 0.17333194 0.119920482 0.374592403 0.580925026 0.325392294 0.285456568 0.078040942 0.076913795
"WY" 282 0.023354388 0.021609043 0.023354388 0.74659242 0.25340758 0.723238032 0 0.000914229 0.021703859 0.02468282 0.073769184 0.79526292 0.200601112 0.664574301 0.014908104 0.011211001 0.014951028 0.133428862 0.049670525 0.815976355 0.182397883 0.464698685 0.016437154 0.009797794 0.023293545 0.142561403 0.038724559 0.820875828 0.178401605 0.431987103 0.007305461 0.00685478
"WI" 4 0.433145322 0.451974121 0.885119443 0.610816191 0.114880557 0 0.451974121 0.002239549 0.410981808 0.367537586 0.804978703 0.589588779 0.172423402 0.022597895 0.367537586 0.168641605 0.364238301 0.305041284 0.672839035 0.515194841 0.294240192 0.010200663 0.292963035 0.172585263 0.302806114 0.251907429 0.53160914 0.543916942 0.303662706 0.095000656 0.209697038 0.149902177
